0 0.2421875 0.54921875 0.05 0.10390625
0 0.27734375 0.446875 0.021875 0.05234375
0 0.27265625 0.41953125 0.01640625 0.03671875
0 0.28984375 0.3984375 0.0140625 0.03671875
3 0.690625 0.46484375 0.03984375 0.0828125
3 0.5359375 0.4046875 0.015625 0.04609375
3 0.4671875 0.3875 0.0140625 0.0359375
3 0.44609375 0.37890625 0.009375 0.02734375
3 0.48125 0.36796875 0.0109375 0.02734375
3 0.60703125 0.36171875 0.01328125 0.0265625
3 0.74453125 0.36875 0.01171875 0.02578125
3 0.92109375 0.40703125 0.0171875 0.046875
3 0.825 0.375 0.0140625 0.0328125
0 0.3421875 0.3796875 0.00859375 0.0265625
3 0.675 0.35859375 0.01328125 0.03203125
0 0.3984375 0.36484375 0.0078125 0.02109375