0 0.49453125 0.47890625 0.0265625 0.08359375
1 0.48828125 0.3984375 0.021875 0.09140625
1 0.4828125 0.38671875 0.015625 0.084375
1 0.76875 0.3875 0.02109375 0.09140625
1 0.7265625 0.36875 0.015625 0.0734375
3 0.890625 0.4609375 0.02578125 0.08046875
3 0.74453125 0.3890625 0.0125 0.053125
3 0.6859375 0.35859375 0.0125 0.0359375
3 0.91875 0.36015625 0.0109375 0.040625
3 0.625 0.3328125 0.009375 0.03203125
3 0.58828125 0.31953125 0.00625 0.01953125
0 0.99375 0.36171875 0.0078125 0.02890625
0 0.9359375 0.3484375 0.0078125 0.028125
0 0.89375 0.33359375 0.00546875 0.021875
0 0.875 0.32578125 0.0046875 0.01875