0 0.30625 0.53359375 0.053125 0.1296875
0 0.53671875 0.4671875 0.03046875 0.0875
0 0.6375 0.44609375 0.0265625 0.07109375
0 0.7546875 0.42890625 0.0203125 0.05390625
0 0.85234375 0.4046875 0.01640625 0.04765625
0 0.87265625 0.3875 0.01171875 0.0359375
1 0.80078125 0.4 0.01875 0.0796875
1 0.8171875 0.4015625 0.0140625 0.0671875
3 0.0640625 0.396875 0.01640625 0.0421875
3 0.2265625 0.38984375 0.01484375 0.03828125
3 0.30703125 0.38515625 0.01015625 0.03203125
3 0.32421875 0.37265625 0.01015625 0.02890625
3 0.3 0.36796875 0.0078125 0.03203125
3 0.265625 0.365625 0.009375 0.028125
3 0.24296875 0.36171875 0.0078125 0.0265625
0 0.81015625 0.41328125 0.01328125 0.05546875
0 0.90078125 0.375 0.009375 0.028125
0 0.925 0.36953125 0.01015625 0.03046875
0 0.9125 0.3609375 0.00625 0.025
0 0.8546875 0.35703125 0.009375 0.0265625
0 0.80390625 0.35546875 0.00703125 0.0234375
3 0.87109375 0.35 0.01015625 0.0265625
3 0.928125 0.35 0.00859375 0.0265625
0 0.159375 0.4140625 0.0171875 0.0515625
0 0.375 0.3984375 0.01171875 0.0453125
0 0.465625 0.390625 0.00859375 0.0328125
0 0.50390625 0.38046875 0.00703125 0.0265625
0 0.4640625 0.36640625 0.00625 0.0234375
0 0.4296875 0.35859375 0.0078125 0.02109375
0 0.40234375 0.353125 0.00703125 0.02265625