3 0.9734375 0.4046875 0.021875 0.0484375
3 0.9375 0.37421875 0.0125 0.03828125
3 0.925 0.35859375 0.01015625 0.03125
3 0.8984375 0.33828125 0.0109375 0.0265625
3 0.88125 0.32265625 0.00703125 0.01796875
3 0.8734375 0.315625 0.009375 0.0234375
3 0.884375 0.31640625 0.00625 0.021875
0 0.9046875 0.3125 0.00703125 0.0171875
0 0.78828125 0.3296875 0.00625 0.02578125
0 0.79140625 0.31875 0.00703125 0.0234375
0 0.8 0.309375 0.00625 0.025
1 0.94453125 0.36640625 0.01484375 0.0609375
1 0.93125 0.3609375 0.01171875 0.05859375
1 0.7734375 0.33984375 0.01015625 0.04921875