1 0.8421875 0.534375 0.06015625 0.23046875
1 0.703125 0.4671875 0.04609375 0.15859375
1 0.15234375 0.58125 0.06171875 0.21015625
3 0.75859375 0.528125 0.04765625 0.12265625
3 0.58828125 0.42109375 0.02421875 0.06484375
3 0.4765625 0.36953125 0.0125 0.0359375
3 0.4296875 0.35 0.0078125 0.02265625
0 0.22265625 0.4859375 0.02421875 0.07421875
0 0.28046875 0.40234375 0.01328125 0.0375
0 0.29453125 0.36953125 0.0109375 0.028125
3 0.8796875 0.3859375 0.01640625 0.04453125
3 0.74140625 0.35234375 0.0109375 0.03828125
3 0.6765625 0.334375 0.009375 0.028125
3 0.6640625 0.32578125 0.00703125 0.0234375
0 0.8578125 0.35234375 0.00859375 0.0328125
0 0.79609375 0.3390625 0.0078125 0.028125
0 0.3125 0.35078125 0.00703125 0.01875
3 0.4125 0.33671875 0.00859375 0.0265625
3 0.4234375 0.33203125 0.00859375 0.028125
0 0.76484375 0.3296875 0.0078125 0.0265625
3 0.4484375 0.3234375 0.00703125 0.021875
0 0.93671875 0.36875 0.01171875 0.03984375