1 0.89765625 0.4265625 0.03125 0.09375
1 0.58515625 0.41328125 0.02421875 0.084375
1 0.60078125 0.41328125 0.0234375 0.08046875
0 0.59609375 0.42890625 0.0109375 0.0453125
0 0.63203125 0.415625 0.01328125 0.040625
0 0.65078125 0.396875 0.0140625 0.03828125
0 0.6734375 0.3828125 0.01171875 0.03046875
0 0.68046875 0.3671875 0.009375 0.021875
0 0.69296875 0.37421875 0.01171875 0.0234375
0 0.53671875 0.45078125 0.03203125 0.06640625
0 0.396875 0.4921875 0.046875 0.096875
0 0.24296875 0.54765625 0.078125 0.13984375
0 0.06171875 0.43125 0.02734375 0.06015625
0 0.19375 0.4140625 0.021875 0.04375
0 0.25 0.40078125 0.01484375 0.0359375
0 0.24765625 0.39140625 0.0109375 0.0296875
0 0.2046875 0.38203125 0.0140625 0.02734375
0 0.1625 0.3734375 0.01171875 0.0265625
3 0.01640625 0.3953125 0.01953125 0.04296875
3 0.93984375 0.46328125 0.0375 0.07890625
3 0.884375 0.42421875 0.015625 0.04609375
3 0.87578125 0.39375 0.015625 0.03984375
3 0.86015625 0.37890625 0.0125 0.0328125
3 0.85859375 0.3703125 0.00859375 0.0296875
3 0.84609375 0.3640625 0.009375 0.02578125
3 0.80859375 0.35859375 0.01015625 0.02109375
3 0.75625 0.35625 0.009375 0.021875
3 0.69140625 0.35390625 0.00859375 0.01875
3 0.6390625 0.35546875 0.01015625 0.021875
0 0.578125 0.35859375 0.01015625 0.0203125
0 0.51171875 0.359375 0.0078125 0.02109375
0 0.6265625 0.3625 0.0078125 0.01796875
3 0.54765625 0.3546875 0.00859375 0.01875