0 0.21640625 0.63984375 0.04140625 0.121875
0 0.45234375 0.39375 0.01875 0.04609375
3 0.7546875 0.4546875 0.02734375 0.065625
3 0.69375 0.35859375 0.01328125 0.028125
3 0.70078125 0.32734375 0.0078125 0.01796875
3 0.70859375 0.31328125 0.00546875 0.0140625
0 0.5203125 0.33671875 0.0109375 0.0265625
0 0.5734375 0.31875 0.0078125 0.021875
0 0.61171875 0.30625 0.00546875 0.0140625
0 0.6265625 0.30078125 0.0046875 0.0125
0 0.3953125 0.33671875 0.00546875 0.0203125
0 0.30546875 0.3609375 0.00703125 0.0203125
0 0.47890625 0.31640625 0.00703125 0.0203125
0 0.5359375 0.30625 0.0046875 0.0140625
3 0.46171875 0.3109375 0.00625 0.01484375
3 0.40078125 0.3265625 0.00625 0.01640625
3 0.3234375 0.34609375 0.0046875 0.01484375
0 0.23359375 0.38125 0.00625 0.0203125
0 0.15 0.41328125 0.00625 0.01796875
0 0.0578125 0.4609375 0.00625 0.01953125
3 0.24453125 0.36875 0.00546875 0.0140625
3 0.1671875 0.40078125 0.00625 0.0203125
3 0.09609375 0.434375 0.00625 0.01875
3 0.715625 0.30234375 0.0046875 0.0140625
3 0.503125 0.30390625 0.00546875 0.0171875
3 0.53046875 0.296875 0.00390625 0.01328125
3 0.0171875 0.47734375 0.00546875 0.01953125