1 0.01171875 0.39140625 0.02265625 0.0796875
1 0.0484375 0.38828125 0.02109375 0.08046875
1 0.06640625 0.4125 0.02734375 0.09921875
1 0.11953125 0.4046875 0.03515625 0.1015625
0 0.090625 0.42734375 0.0265625 0.06171875
3 0.03125 0.4015625 0.02109375 0.04609375
3 0.1765625 0.38046875 0.0171875 0.04375
0 0.30078125 0.3953125 0.02109375 0.0515625
0 0.47265625 0.371875 0.0171875 0.04375
0 0.55234375 0.36328125 0.01796875 0.04296875
0 0.44140625 0.5171875 0.0546875 0.11796875
0 0.64375 0.35703125 0.01640625 0.03984375
0 0.68515625 0.446875 0.040625 0.0921875
0 0.67109375 0.3296875 0.01015625 0.02421875
0 0.68203125 0.3515625 0.01171875 0.03046875
0 0.68671875 0.346875 0.009375 0.0265625
0 0.7125 0.3234375 0.01171875 0.025
0 0.78828125 0.3234375 0.009375 0.02265625
0 0.88515625 0.3234375 0.009375 0.02421875
0 0.94296875 0.40234375 0.0375 0.0703125
3 0.9859375 0.31796875 0.00859375 0.02421875
3 0.90234375 0.31640625 0.009375 0.021875
0 0.0390625 0.6890625 0.078125 0.253125
3 0.378125 0.3609375 0.0171875 0.0359375
3 0.5 0.3484375 0.01640625 0.03515625
3 0.5375 0.34453125 0.009375 0.02890625
3 0.534375 0.3390625 0.009375 0.02734375
3 0.55859375 0.33671875 0.00859375 0.02421875
3 0.5828125 0.328125 0.00859375 0.021875
3 0.7515625 0.31640625 0.009375 0.0203125
3 0.61640625 0.32421875 0.0078125 0.01875
3 0.83125 0.315625 0.0078125 0.02421875