3 0.17578125 0.4140625 0.021875 0.04609375
3 0.3109375 0.41015625 0.015625 0.04765625
3 0.46328125 0.41328125 0.01875 0.04453125
3 0.59453125 0.4203125 0.01953125 0.05390625
3 0.7171875 0.446875 0.02734375 0.06640625
3 0.84453125 0.50078125 0.046875 0.09375
3 0.9453125 0.3578125 0.009375 0.025
3 0.96171875 0.3625 0.0109375 0.0265625
3 0.975 0.36640625 0.0109375 0.0296875
3 0.98828125 0.35390625 0.009375 0.0234375
3 0.77421875 0.3296875 0.009375 0.025
3 0.73984375 0.32421875 0.009375 0.0234375
3 0.76015625 0.33671875 0.00859375 0.021875
3 0.90234375 0.3375 0.0109375 0.0265625
1 0.89453125 0.34921875 0.01640625 0.04609375
0 0.028125 0.46640625 0.03359375 0.07109375
0 0.1734375 0.496875 0.0390625 0.08671875
0 0.0859375 0.62578125 0.0703125 0.15