0 0.315625 0.49609375 0.03046875 0.09453125
0 0.4203125 0.4234375 0.02109375 0.0546875
0 0.46875 0.3796875 0.0140625 0.03671875
0 0.434375 0.35234375 0.00703125 0.0203125
3 0.8078125 0.51640625 0.04296875 0.1109375
3 0.703125 0.41484375 0.02109375 0.05703125
3 0.65703125 0.36953125 0.0140625 0.03515625
3 0.6109375 0.3515625 0.0109375 0.02890625
3 0.565625 0.34375 0.009375 0.02265625
3 0.771875 0.35234375 0.01015625 0.025
3 0.83203125 0.371875 0.00703125 0.02421875
3 0.9109375 0.3953125 0.0140625 0.034375
0 0.93515625 0.371875 0.00859375 0.025
0 0.87890625 0.3578125 0.00625 0.01875
3 0.74375 0.33984375 0.00625 0.01796875
3 0.73828125 0.3328125 0.0046875 0.01796875
0 0.85625 0.3453125 0.00546875 0.015625
3 0.4796875 0.33671875 0.00703125 0.01796875
3 0.5140625 0.3390625 0.00625 0.0171875