3 0.1765625 0.3703125 0.01328125 0.03359375
3 0.0703125 0.37734375 0.01171875 0.03515625
3 0.253125 0.36796875 0.0140625 0.03203125
3 0.33515625 0.3640625 0.015625 0.03359375
3 0.421875 0.36796875 0.0140625 0.03515625
3 0.48828125 0.37734375 0.01640625 0.04453125
3 0.5390625 0.39296875 0.021875 0.05078125
3 0.6140625 0.4234375 0.02734375 0.06953125
3 0.72265625 0.49765625 0.04140625 0.1
3 0.93515625 0.696875 0.075 0.21484375
0 0.06640625 0.390625 0.01484375 0.03984375
0 0.17265625 0.38671875 0.01484375 0.03828125
0 0.2234375 0.39140625 0.01796875 0.04609375
0 0.21875 0.42109375 0.02265625 0.05859375
0 0.165625 0.48203125 0.03828125 0.08515625