3 0.3453125 0.33125 0.01171875 0.028125
3 0.43125 0.3265625 0.01171875 0.0296875
3 0.53203125 0.3265625 0.0109375 0.0296875
3 0.61640625 0.3296875 0.0125 0.03359375
3 0.684375 0.33984375 0.015625 0.03984375
3 0.72421875 0.353125 0.01953125 0.04453125
3 0.7625 0.38046875 0.028125 0.06328125
3 0.90234375 0.4703125 0.05625 0.1078125
3 0.1859375 0.33515625 0.01171875 0.03125
0 0.2078125 0.34765625 0.0171875 0.03828125
0 0.07890625 0.34921875 0.015625 0.03671875
0 0.296875 0.3453125 0.01484375 0.03671875
0 0.39140625 0.35625 0.01796875 0.04140625
0 0.4 0.38046875 0.0234375 0.05390625
0 0.31328125 0.4328125 0.0375 0.08203125
0 0.13515625 0.553125 0.071875 0.134375
1 0.87890625 0.28515625 0.0109375 0.03671875