3 0.484375 0.5078125 0.03828125 0.109375
3 0.228125 0.47265625 0.04140625 0.0953125
3 0.15546875 0.42265625 0.03046875 0.06640625
3 0.23671875 0.384375 0.01796875 0.04921875
1 0.08359375 0.3625 0.02265625 0.06640625
0 0.0390625 0.37421875 0.01796875 0.0421875
3 0.26640625 0.365625 0.01328125 0.0328125
1 0.27265625 0.35 0.0109375 0.04765625
1 0.28046875 0.3484375 0.0109375 0.0453125
1 0.09453125 0.359375 0.0140625 0.0578125
3 0.296875 0.35078125 0.01015625 0.03125
3 0.31953125 0.33671875 0.0078125 0.02265625
3 0.3296875 0.32421875 0.0078125 0.02578125
3 0.31796875 0.31328125 0.0046875 0.0171875
3 0.28203125 0.3140625 0.00546875 0.0203125
0 0.09140625 0.365625 0.009375 0.03515625
3 0.42734375 0.28515625 0.0046875 0.0125
3 0.43671875 0.28828125 0.00390625 0.0125
3 0.44375 0.2875 0.0046875 0.015625