0 0.30546875 0.4796875 0.03203125 0.078125
0 0.40703125 0.40859375 0.01796875 0.04453125
0 0.44921875 0.37734375 0.0140625 0.03515625
0 0.4640625 0.359375 0.0078125 0.01953125
3 0.715625 0.45859375 0.02734375 0.078125
3 0.66796875 0.39921875 0.01953125 0.0515625
3 0.6296875 0.36953125 0.01328125 0.0328125
3 0.5953125 0.34765625 0.01015625 0.0234375
3 0.90078125 0.39140625 0.0125 0.0390625
3 0.7859375 0.35859375 0.01171875 0.028125
3 0.728125 0.34375 0.00703125 0.021875
0 0.82734375 0.346875 0.00703125 0.01875
0 0.90625 0.36484375 0.00859375 0.0234375
0 0.4625 0.34453125 0.00546875 0.0140625
0 0.4515625 0.33984375 0.00703125 0.01328125
0 0.43203125 0.340625 0.0046875 0.0125