0 0.2015625 0.5140625 0.06796875 0.13359375
0 0.34140625 0.41875 0.03984375 0.084375
0 0.40234375 0.35234375 0.01796875 0.04921875
0 0.415625 0.37265625 0.02265625 0.053125
0 0.31171875 0.34453125 0.01640625 0.03671875
0 0.23046875 0.346875 0.01796875 0.0453125
0 0.1078125 0.34765625 0.01484375 0.034375
3 0.0765625 0.334375 0.0125 0.0328125
3 0.35546875 0.32890625 0.0171875 0.0359375
3 0.43671875 0.32578125 0.01484375 0.0328125
3 0.53359375 0.32734375 0.01484375 0.0328125
3 0.61484375 0.3296875 0.015625 0.0375
3 0.67890625 0.33828125 0.01875 0.04140625
3 0.71796875 0.35078125 0.02265625 0.0515625
3 0.7515625 0.37890625 0.0328125 0.06484375
3 0.86328125 0.45078125 0.053125 0.1171875
1 0.87265625 0.2890625 0.0140625 0.04453125