0 0.18125 0.63203125 0.06953125 0.17109375
0 0.0953125 0.3921875 0.01875 0.04296875
0 0.2375 0.3828125 0.015625 0.03984375
0 0.37734375 0.38359375 0.0140625 0.03984375
0 0.4890625 0.38671875 0.015625 0.03671875
0 0.59296875 0.39609375 0.0171875 0.04140625
0 0.58203125 0.41953125 0.02265625 0.06171875
0 0.459375 0.4671875 0.03359375 0.07890625
3 0.35390625 0.36875 0.01484375 0.0296875
3 0.24609375 0.37109375 0.0140625 0.03203125
3 0.46953125 0.36875 0.01015625 0.03125
3 0.60390625 0.37265625 0.0109375 0.03203125
3 0.72109375 0.37578125 0.0109375 0.03203125
3 0.8015625 0.384375 0.0125 0.03671875
3 0.8734375 0.4015625 0.0171875 0.04765625
3 0.940625 0.43203125 0.0296875 0.06796875