0 0.32578125 0.4703125 0.040625 0.0875
0 0.54921875 0.3828125 0.01953125 0.05234375
0 0.66640625 0.35 0.0125 0.0359375
0 0.721875 0.33984375 0.00703125 0.02421875
3 0.87578125 0.56796875 0.05625 0.153125
3 0.8375 0.42578125 0.028125 0.07109375
3 0.85078125 0.371875 0.0140625 0.04453125
3 0.86171875 0.359375 0.00859375 0.03515625
3 0.87109375 0.34609375 0.00546875 0.02265625
0 0.76171875 0.3328125 0.01015625 0.02421875
0 0.8015625 0.3296875 0.00703125 0.02109375
3 0.88984375 0.346875 0.00546875 0.01875