0 0.25703125 0.50859375 0.040625 0.0859375
0 0.315625 0.434375 0.01953125 0.04609375
0 0.3234375 0.396875 0.01015625 0.040625
0 0.3 0.3890625 0.00859375 0.025
0 0.26328125 0.38515625 0.00546875 0.01796875
0 0.85859375 0.3640625 0.00859375 0.02265625
0 0.6828125 0.3421875 0.00546875 0.01484375
0 0.75234375 0.3484375 0.00625 0.01875
3 0.6859375 0.46796875 0.03359375 0.08515625
3 0.90859375 0.40390625 0.015625 0.04140625
3 0.7671875 0.36953125 0.01171875 0.028125
3 0.66875 0.3546875 0.00859375 0.02578125
3 0.60390625 0.346875 0.00625 0.02109375
3 0.54765625 0.3984375 0.0171875 0.04375
3 0.48125 0.37578125 0.01328125 0.034375
3 0.41484375 0.36875 0.00859375 0.02421875
3 0.35703125 0.36796875 0.0078125 0.01875
3 0.30234375 0.36953125 0.00625 0.01875
0 0.22421875 0.384375 0.00703125 0.01875
3 0.55703125 0.34375 0.0078125 0.01875
0 0.14375 0.39453125 0.00703125 0.01328125
0 0.1828125 0.38828125 0.00546875 0.01328125