0 0.10078125 0.709375 0.09921875 0.20859375
0 0.55078125 0.48359375 0.04375 0.096875
0 0.70859375 0.42265625 0.03125 0.06640625
0 0.81953125 0.3984375 0.01875 0.05
3 0.975 0.37109375 0.015625 0.04140625
3 0.8578125 0.3640625 0.0125 0.03671875
3 0.72421875 0.3609375 0.01171875 0.03984375
3 0.62265625 0.36015625 0.01171875 0.03125
3 0.53515625 0.3609375 0.0109375 0.03203125
3 0.4296875 0.36328125 0.01171875 0.03203125
3 0.31328125 0.3625 0.01171875 0.03125
0 0.8375 0.3828125 0.01484375 0.03828125
0 0.74140625 0.37421875 0.0140625 0.03828125
0 0.64375 0.371875 0.0125 0.03671875
0 0.53046875 0.37109375 0.01171875 0.03515625
0 0.43046875 0.37109375 0.01328125 0.03515625
0 0.3015625 0.37890625 0.0140625 0.03828125
0 0.1765625 0.38359375 0.015625 0.03984375
0 0.0078125 0.39765625 0.01484375 0.04140625
3 0.203125 0.36953125 0.01328125 0.03515625
3 0.08046875 0.378125 0.01171875 0.03984375