0 0.30546875 0.4703125 0.03203125 0.0734375
0 0.41328125 0.3953125 0.01796875 0.04296875
0 0.4640625 0.371875 0.01328125 0.03203125
0 0.4921875 0.35625 0.00859375 0.0265625
3 0.68515625 0.44921875 0.02890625 0.0734375
3 0.63671875 0.3859375 0.01640625 0.0390625
3 0.63046875 0.36640625 0.009375 0.028125
3 0.62421875 0.34921875 0.01015625 0.0234375
3 0.6078125 0.33984375 0.00703125 0.01796875
3 0.821875 0.36640625 0.01015625 0.02109375
3 0.946875 0.40390625 0.01171875 0.03828125
3 0.75625 0.3453125 0.0078125 0.0203125
0 0.940625 0.37265625 0.009375 0.02578125
0 0.86328125 0.35078125 0.00859375 0.021875