1 0.75625 0.425 0.0234375 0.09296875
1 0.43203125 0.42265625 0.01796875 0.09140625
1 0.4515625 0.421875 0.01640625 0.084375
0 0.18828125 0.54453125 0.040625 0.10703125
0 0.375 0.471875 0.0296875 0.08046875
0 0.48515625 0.42265625 0.015625 0.0421875
0 0.5046875 0.39921875 0.0109375 0.03984375
0 0.528125 0.3828125 0.01015625 0.0296875
3 0.80625 0.46640625 0.034375 0.08046875
3 0.740625 0.421875 0.0171875 0.04765625
3 0.72578125 0.38984375 0.0140625 0.040625
3 0.709375 0.375 0.01015625 0.0296875
3 0.6921875 0.36015625 0.00703125 0.021875
0 0.44296875 0.4390625 0.015625 0.05625
3 0.65703125 0.35390625 0.0078125 0.025
3 0.60703125 0.353125 0.00703125 0.02421875
0 0.546875 0.371875 0.0109375 0.03125
0 0.03671875 0.41875 0.0140625 0.04453125
0 0.0421875 0.40546875 0.01015625 0.03671875
3 0.54453125 0.3515625 0.00703125 0.021875
3 0.49296875 0.35234375 0.0078125 0.021875
3 0.3953125 0.353125 0.0078125 0.0203125
3 0.3140625 0.35078125 0.0078125 0.0203125
0 0.53359375 0.3640625 0.009375 0.02578125
0 0.478125 0.359375 0.00859375 0.025
0 0.42890625 0.35859375 0.01015625 0.025
0 0.35625 0.35859375 0.00859375 0.02421875
3 0.70546875 0.36640625 0.009375 0.02890625
3 0.7859375 0.32265625 0.00546875 0.01484375
3 0.7765625 0.32578125 0.00546875 0.0140625
3 0.76484375 0.3171875 0.00625 0.01796875
1 0.85625 0.33515625 0.0078125 0.028125