0 0.40390625 0.528125 0.059375 0.1125
0 0.1578125 0.40546875 0.01796875 0.04140625
0 0.31875 0.403125 0.01640625 0.03984375
0 0.44375 0.40546875 0.015625 0.0421875
0 0.5546875 0.45078125 0.025 0.065625
0 0.56328125 0.41640625 0.01875 0.04765625
3 0.98203125 0.46015625 0.0359375 0.0859375
3 0.878125 0.421875 0.028125 0.05625
3 0.7890625 0.40234375 0.01875 0.04296875
3 0.69609375 0.39296875 0.01796875 0.04140625
3 0.571875 0.3875 0.01171875 0.034375
3 0.42421875 0.38203125 0.0125 0.03125
3 0.29609375 0.38515625 0.01328125 0.0328125
3 0.1734375 0.38828125 0.0140625 0.03359375
3 0.009375 0.396875 0.0171875 0.03828125