0 0.18359375 0.52578125 0.05390625 0.1125
0 0.47265625 0.40078125 0.025 0.0546875
0 0.62265625 0.3578125 0.01640625 0.04375
0 0.728125 0.33984375 0.01484375 0.03515625
0 0.78671875 0.3328125 0.009375 0.02421875
3 0.8671875 0.61015625 0.059375 0.18359375
3 0.80234375 0.446875 0.03359375 0.08203125
3 0.84140625 0.39375 0.01953125 0.05390625
3 0.88515625 0.36875 0.01640625 0.0375
3 0.91015625 0.35703125 0.0078125 0.028125
3 0.9296875 0.34921875 0.0078125 0.0234375
0 0.8296875 0.33046875 0.00859375 0.02109375