0 0.24453125 0.52734375 0.04296875 0.1078125
0 0.27265625 0.45390625 0.0265625 0.075
0 0.14140625 0.4375 0.0234375 0.059375
0 0.01796875 0.4375 0.02109375 0.06015625
3 0.03203125 0.40390625 0.0140625 0.0390625
3 0.24765625 0.3984375 0.021875 0.04765625
3 0.3671875 0.39296875 0.01953125 0.04375
3 0.5015625 0.39375 0.01796875 0.05078125
3 0.61640625 0.4 0.021875 0.0484375
3 0.7203125 0.41953125 0.02578125 0.06015625
3 0.81171875 0.45625 0.0359375 0.08125
3 0.971875 0.5609375 0.05625 0.1375
3 0.9828125 0.353125 0.01015625 0.02578125
3 0.996875 0.3453125 0.00625 0.02734375
3 0.97109375 0.34765625 0.01015625 0.02890625
3 0.9578125 0.34921875 0.0109375 0.02734375
3 0.915625 0.3234375 0.009375 0.01953125
3 0.79296875 0.31953125 0.00625 0.021875
3 0.78125 0.325 0.00859375 0.0203125
3 0.7609375 0.3171875 0.00859375 0.02109375
1 0.9078125 0.33828125 0.01640625 0.04375