3 0.66953125 0.59296875 0.0703125 0.1953125
3 0.30234375 0.48984375 0.04453125 0.10859375
3 0.0640625 0.4703125 0.0390625 0.08203125
3 0.046875 0.396875 0.021875 0.05
3 0.015625 0.32578125 0.00859375 0.02265625
3 0.0734375 0.325 0.00859375 0.02109375
3 0.09921875 0.36328125 0.0125 0.028125
3 0.07109375 0.37734375 0.0109375 0.0390625
3 0.12109375 0.35078125 0.00546875 0.028125
3 0.1296875 0.33828125 0.00859375 0.02421875
3 0.14140625 0.33359375 0.009375 0.02265625
1 0.07578125 0.36484375 0.0125 0.05234375
1 0.08359375 0.36171875 0.009375 0.05078125