1 0.01796875 0.47421875 0.00625 0.0203125
1 0.02265625 0.47265625 0.0046875 0.021875
1 0.04140625 0.4625 0.00390625 0.0203125
1 0.04609375 0.45859375 0.00546875 0.0203125
0 0.00859375 0.54765625 0.01015625 0.0296875
0 0.0671875 0.54296875 0.01640625 0.0453125
0 0.11875 0.58046875 0.0296875 0.07578125
0 0.084375 0.834375 0.0578125 0.140625
3 0.12265625 0.44375 0.00859375 0.0234375
3 0.13125 0.45234375 0.01015625 0.02890625
3 0.2015625 0.4296875 0.01328125 0.0296875
3 0.325 0.39921875 0.0140625 0.03671875
3 0.45078125 0.39453125 0.01640625 0.04609375
3 0.59765625 0.425 0.03125 0.0671875
3 0.81796875 0.5015625 0.0328125 0.08828125
3 0.1828125 0.4078125 0.0078125 0.0203125