0 0.090625 0.953125 0.06875 0.09375
0 0.31328125 0.4578125 0.02734375 0.06328125
0 0.3296875 0.38359375 0.0140625 0.034375
0 0.3765625 0.3515625 0.01171875 0.021875
0 0.39140625 0.3421875 0.0078125 0.02265625
0 0.35390625 0.34296875 0.009375 0.01953125
0 0.29296875 0.36328125 0.0078125 0.02421875
3 0.7125 0.44140625 0.03203125 0.06875
3 0.55546875 0.359375 0.01484375 0.03671875
3 0.54375 0.32890625 0.01015625 0.025
3 0.52421875 0.31796875 0.00859375 0.021875
3 0.471875 0.3171875 0.00703125 0.01953125
3 0.4203125 0.321875 0.00546875 0.015625
3 0.315625 0.3421875 0.0078125 0.01796875
3 0.3703125 0.32890625 0.00546875 0.01640625
3 0.25703125 0.3625 0.00703125 0.01953125
3 0.196875 0.38515625 0.00859375 0.01953125
3 0.1515625 0.4078125 0.00703125 0.01953125
0 0.22890625 0.3828125 0.00859375 0.01953125
0 0.1546875 0.4203125 0.0078125 0.025
0 0.0875 0.45078125 0.00625 0.021875