1 0.08203125 0.38203125 0.0234375 0.07421875
1 0.11953125 0.37734375 0.021875 0.07421875
1 0.13984375 0.403125 0.02890625 0.0890625
1 0.18671875 0.39296875 0.03046875 0.096875
3 0.1 0.38984375 0.015625 0.04609375
0 0.1625 0.41484375 0.02109375 0.05546875
3 0.234375 0.37265625 0.02109375 0.0453125
0 0.14765625 0.61328125 0.09765625 0.1671875
0 0.3515625 0.38828125 0.02109375 0.0484375
0 0.478125 0.48984375 0.0484375 0.0984375
0 0.50859375 0.36640625 0.02109375 0.05234375
0 0.5859375 0.35625 0.01640625 0.040625
0 0.67578125 0.35 0.01484375 0.0375
0 0.7140625 0.34609375 0.0125 0.03515625
0 0.7203125 0.34140625 0.009375 0.02734375
0 0.74765625 0.32265625 0.01015625 0.0234375
0 0.70625 0.3265625 0.00859375 0.021875
0 0.70234375 0.43515625 0.03671875 0.08125
0 0.82265625 0.31953125 0.0109375 0.02578125
0 0.92109375 0.321875 0.01171875 0.02578125
0 0.953125 0.39375 0.034375 0.06953125
3 0.93984375 0.3125 0.0109375 0.0234375
3 0.8671875 0.3125 0.00859375 0.0234375
3 0.7859375 0.31328125 0.0109375 0.02421875
3 0.71015625 0.3171875 0.01015625 0.02109375
3 0.65234375 0.32265625 0.009375 0.02109375
3 0.61796875 0.325 0.01015625 0.02265625
3 0.59375 0.33125 0.0109375 0.02421875
3 0.5734375 0.3421875 0.009375 0.0234375
3 0.5703125 0.3359375 0.01015625 0.02578125
3 0.5359375 0.34609375 0.01484375 0.0328125
3 0.4203125 0.35546875 0.015625 0.03671875