0 0.0859375 0.390625 0.0203125 0.0453125
0 0.25234375 0.5296875 0.065625 0.13203125
0 0.29140625 0.37890625 0.01875 0.04765625
3 0.20625 0.3703125 0.01484375 0.0328125
3 0.31171875 0.33359375 0.00703125 0.01875
3 0.33515625 0.3625 0.01171875 0.02890625
3 0.3609375 0.340625 0.00859375 0.021875
3 0.34765625 0.32890625 0.0078125 0.01953125
3 0.3390625 0.33984375 0.0078125 0.0203125
3 0.390625 0.3453125 0.009375 0.02578125
3 0.4 0.35703125 0.0109375 0.028125
3 0.4140625 0.35078125 0.009375 0.025
3 0.415625 0.32265625 0.0078125 0.01796875
0 0.4546875 0.32578125 0.00625 0.0203125
0 0.46328125 0.3296875 0.00625 0.01640625
0 0.4796875 0.33125 0.009375 0.02109375
0 0.49609375 0.3234375 0.00625 0.01640625
0 0.5046875 0.33671875 0.0078125 0.01953125
3 0.5109375 0.3203125 0.00546875 0.01875
3 0.5625 0.31796875 0.00625 0.01484375
0 0.546875 0.321875 0.00703125 0.01875
0 0.53671875 0.3421875 0.0078125 0.021875
0 0.54140625 0.3625 0.0125 0.03671875
0 0.57265625 0.3453125 0.01015625 0.0296875
0 0.575 0.3546875 0.01015625 0.03125
0 0.6140625 0.32265625 0.00625 0.01640625
3 0.60390625 0.31796875 0.00625 0.01640625
0 0.6 0.41796875 0.0296875 0.0703125
0 0.6546875 0.32109375 0.00703125 0.01796875
0 0.72421875 0.32421875 0.00859375 0.01640625
0 0.68828125 0.40078125 0.02578125 0.0609375
3 0.71015625 0.3203125 0.00625 0.01640625
3 0.64765625 0.31875 0.0078125 0.015625
3 0.765625 0.31953125 0.0078125 0.0171875
3 0.84609375 0.321875 0.01015625 0.025
0 0.8046875 0.3265625 0.0078125 0.01796875
0 0.80078125 0.38984375 0.02265625 0.05234375
1 0.85234375 0.36875 0.01796875 0.0734375
0 0.875 0.32578125 0.00703125 0.0234375
0 0.9265625 0.3296875 0.00859375 0.02265625
0 0.9359375 0.359375 0.0140625 0.0328125
0 0.9671875 0.34921875 0.01015625 0.0296875
0 0.98828125 0.3328125 0.00859375 0.02578125
0 0.9953125 0.340625 0.009375 0.028125
3 0.94765625 0.32265625 0.009375 0.0203125
0 0.90859375 0.37421875 0.01953125 0.03984375
0 0.46171875 0.3703125 0.01328125 0.03984375
0 0.43046875 0.4546875 0.040625 0.090625
1 0.8671875 0.36796875 0.01640625 0.06171875
0 0.86171875 0.38359375 0.00859375 0.0375
3 0.4640625 0.321875 0.0046875 0.0140625