3 0.77890625 0.55078125 0.04921875 0.121875
3 0.6453125 0.44609375 0.02578125 0.075
3 0.61796875 0.39765625 0.01796875 0.04296875
3 0.5953125 0.37578125 0.0125 0.034375
3 0.57421875 0.35703125 0.00859375 0.02421875
1 0.6828125 0.46875 0.03203125 0.1328125
1 0.20625 0.48515625 0.03984375 0.14765625
1 0.2359375 0.4796875 0.03671875 0.121875
0 0.0546875 0.61015625 0.0515625 0.14375
0 0.31015625 0.4578125 0.02421875 0.06796875
0 0.34375 0.42109375 0.01953125 0.05
0 0.3796875 0.3953125 0.0140625 0.04375
0 0.40703125 0.37890625 0.01328125 0.03203125
1 0.67265625 0.459375 0.02578125 0.1171875
0 0.228125 0.5046875 0.02421875 0.08046875
3 0.5359375 0.35390625 0.00859375 0.02421875
3 0.48046875 0.35390625 0.00859375 0.028125
3 0.409375 0.35234375 0.00703125 0.0234375
3 0.3484375 0.35546875 0.0078125 0.02421875
3 0.2328125 0.3609375 0.00546875 0.021875
0 0.39453125 0.36875 0.009375 0.02578125
0 0.328125 0.3671875 0.00703125 0.025
0 0.26796875 0.365625 0.00859375 0.025
1 0.7390625 0.32421875 0.00859375 0.028125