0 0.01796875 0.71796875 0.0359375 0.13984375
0 0.23984375 0.5296875 0.046875 0.103125
0 0.33515625 0.44921875 0.03046875 0.07109375
0 0.45078125 0.4078125 0.0203125 0.05703125
0 0.5609375 0.3859375 0.0171875 0.04765625
0 0.68359375 0.36484375 0.01796875 0.0453125
0 0.85234375 0.34453125 0.015625 0.040625
3 0.82109375 0.47265625 0.040625 0.09140625
3 0.81015625 0.41484375 0.028125 0.06328125
3 0.8984375 0.3796875 0.0234375 0.05859375
1 0.36796875 0.36171875 0.01328125 0.05078125
1 0.39140625 0.35625 0.01484375 0.05546875
1 0.31328125 0.35390625 0.009375 0.04140625
1 0.334375 0.35 0.0109375 0.04296875
3 0.0390625 0.3875 0.0109375 0.03359375
3 0.225 0.3703125 0.00859375 0.03125
3 0.521875 0.334375 0.0109375 0.0265625
3 0.403125 0.3484375 0.00859375 0.025
3 0.32578125 0.359375 0.009375 0.028125
3 0.6078125 0.3234375 0.00703125 0.0265625
0 0.1203125 0.396875 0.01171875 0.03359375
0 0.25234375 0.3859375 0.00859375 0.03515625
3 0.325 0.35859375 0.00859375 0.03203125
0 0.3796875 0.3703125 0.00859375 0.03671875
0 0.48359375 0.35546875 0.0078125 0.03125
0 0.584375 0.33671875 0.00859375 0.0296875
0 0.709375 0.3265625 0.0078125 0.0296875