3 0.1546875 0.3859375 0.01171875 0.03125
3 0.2890625 0.37734375 0.0109375 0.03203125
3 0.40078125 0.37734375 0.0109375 0.03203125
3 0.4921875 0.38046875 0.0125 0.03515625
3 0.54453125 0.38671875 0.01484375 0.04140625
3 0.58828125 0.40390625 0.01640625 0.04765625
3 0.66640625 0.43203125 0.0296875 0.06484375
3 0.765625 0.490625 0.04453125 0.096875
0 0.1234375 0.40390625 0.0140625 0.03359375
0 0.23515625 0.40390625 0.01875 0.04296875
0 0.30859375 0.421875 0.01953125 0.05078125
0 0.2609375 0.4515625 0.02734375 0.06640625
0 0.1515625 0.53203125 0.05546875 0.1046875