0 0.21640625 0.65546875 0.08671875 0.178125
0 0.60625 0.4734375 0.0515625 0.103125
0 0.69375 0.3671875 0.01484375 0.0359375
0 0.76015625 0.41640625 0.03203125 0.0703125
0 0.79375 0.3734375 0.015625 0.0390625
3 0.77890625 0.35625 0.0125 0.03359375
3 0.671875 0.3546875 0.01171875 0.03125
3 0.58515625 0.3546875 0.00625 0.02421875
0 0.58125 0.3671875 0.009375 0.025
0 0.48203125 0.36953125 0.01015625 0.03125
3 0.48125 0.34765625 0.00546875 0.0078125
3 0.36953125 0.359375 0.00859375 0.0265625
0 0.36015625 0.37109375 0.01328125 0.03125
3 0.91328125 0.3625 0.009375 0.02734375
0 0.8734375 0.39921875 0.021875 0.05703125
0 0.89296875 0.38125 0.01796875 0.04375
3 0.01953125 0.37734375 0.015625 0.03515625
3 0.15078125 0.36875 0.0109375 0.03046875
3 0.26484375 0.36640625 0.01171875 0.0234375
0 0.2421875 0.37890625 0.01484375 0.03515625
0 0.0859375 0.3890625 0.01484375 0.0375