0 0.26328125 0.528125 0.04921875 0.10625
0 0.3609375 0.41875 0.01796875 0.05703125
0 0.365625 0.35 0.00703125 0.01328125
0 0.38828125 0.35390625 0.0046875 0.015625
0 0.4 0.3578125 0.00625 0.0203125
0 0.4046875 0.3640625 0.0109375 0.028125
0 0.3953125 0.3828125 0.01171875 0.02890625
0 0.75703125 0.34140625 0.0078125 0.01875
0 0.81953125 0.35546875 0.009375 0.021875
0 0.871875 0.36640625 0.0109375 0.02734375
0 0.0078125 0.44921875 0.01171875 0.03125
0 0.0234375 0.428125 0.0125 0.02578125
0 0.02265625 0.41484375 0.00625 0.01875
0 0.01484375 0.4125 0.0046875 0.01875
3 0.3515625 0.34453125 0.00703125 0.01640625
3 0.39140625 0.34296875 0.00546875 0.0140625
3 0.47109375 0.34296875 0.00546875 0.01640625
3 0.5 0.346875 0.0109375 0.021875
3 0.53125 0.35546875 0.00859375 0.02265625
3 0.5640625 0.37109375 0.0125 0.0359375
3 0.621875 0.40703125 0.02734375 0.05078125
3 0.6265625 0.3359375 0.00703125 0.0140625
3 0.58515625 0.3328125 0.00859375 0.01875
3 0.71640625 0.35546875 0.00859375 0.02734375
3 0.6734375 0.34296875 0.0078125 0.01875
3 0.74765625 0.36328125 0.01015625 0.0296875
3 0.8296875 0.38984375 0.0171875 0.0390625
3 0.759375 0.5 0.05078125 0.10859375
3 0.43203125 0.3421875 0.00546875 0.01796875