0 0.0890625 0.49453125 0.04140625 0.10078125
0 0.19609375 0.44453125 0.0265625 0.0609375
0 0.21640625 0.4078125 0.0125 0.04296875
0 0.20546875 0.3890625 0.01015625 0.03671875
0 0.15859375 0.3859375 0.00859375 0.0296875
3 0.2203125 0.3703125 0.01171875 0.028125
3 0.2953125 0.3671875 0.0109375 0.0296875
3 0.3734375 0.36640625 0.0140625 0.03671875
3 0.43046875 0.36953125 0.015625 0.03984375
3 0.4671875 0.38203125 0.01640625 0.0453125
3 0.5203125 0.39921875 0.0234375 0.05625
3 0.57734375 0.4359375 0.03359375 0.06796875
3 0.63984375 0.49609375 0.04296875 0.1015625
3 0.83125 0.65625 0.09375 0.2078125
3 0.1515625 0.37734375 0.0078125 0.0296875
3 0.0546875 0.3859375 0.00859375 0.03125
0 0.06328125 0.3953125 0.01171875 0.03515625