0 0.33984375 0.37578125 0.00859375 0.021875
0 0.346875 0.390625 0.01171875 0.0265625
0 0.33671875 0.41796875 0.01953125 0.04609375
0 0.26328125 0.50625 0.03515625 0.08515625
3 0.46015625 0.3609375 0.0078125 0.025
3 0.50625 0.37265625 0.009375 0.03125
3 0.5734375 0.3953125 0.0140625 0.03828125
3 0.7046875 0.47421875 0.0359375 0.08515625
0 0.871875 0.36640625 0.01015625 0.028125
3 0.6125 0.34453125 0.00859375 0.0234375
3 0.68125 0.35234375 0.009375 0.0265625
3 0.771875 0.36875 0.01171875 0.03359375
3 0.8765625 0.3984375 0.01796875 0.04140625