3 0.58671875 0.50546875 0.03046875 0.096875
3 0.3234375 0.471875 0.040625 0.09296875
3 0.2515625 0.41875 0.0328125 0.06484375
3 0.3328125 0.38125 0.0171875 0.04765625
3 0.36328125 0.3578125 0.0125 0.03828125
1 0.37109375 0.340625 0.0078125 0.0484375
1 0.378125 0.340625 0.0109375 0.04609375
0 0.0546875 0.3828125 0.0140625 0.03984375
0 0.14765625 0.36796875 0.0109375 0.03359375
1 0.1890625 0.34921875 0.015625 0.04765625
3 0.39375 0.346875 0.009375 0.03203125
3 0.415625 0.33125 0.00703125 0.0265625
3 0.434375 0.31640625 0.00703125 0.02421875
3 0.42421875 0.3203125 0.00859375 0.02421875
3 0.4140625 0.309375 0.00625 0.01796875
1 0.20078125 0.34609375 0.0140625 0.053125
0 0.23828125 0.34921875 0.00859375 0.0265625
0 0.26015625 0.34375 0.01015625 0.028125
3 0.3796875 0.309375 0.0078125 0.021875
3 0.33046875 0.30859375 0.00546875 0.021875
3 0.28671875 0.3109375 0.00625 0.01875