0 0.20078125 0.7640625 0.090625 0.2390625
0 0.43203125 0.44296875 0.0234375 0.05859375
0 0.4828125 0.3828125 0.01328125 0.03828125
0 0.52421875 0.36015625 0.009375 0.02578125
0 0.559375 0.35 0.00703125 0.01875
0 0.89140625 0.34765625 0.00703125 0.0203125
3 0.9078125 0.37421875 0.01171875 0.02890625
3 0.76015625 0.43203125 0.025 0.06171875
3 0.83515625 0.35546875 0.00859375 0.021875
3 0.6765625 0.38046875 0.0125 0.0296875
3 0.65859375 0.36015625 0.0078125 0.0265625
3 0.6671875 0.3484375 0.00625 0.021875
3 0.678125 0.34375 0.00625 0.02109375
0 0.5875 0.34453125 0.00625 0.0140625
0 0.60703125 0.33828125 0.00546875 0.0125