1 0.703125 0.475 0.034375 0.1390625
1 0.7171875 0.490625 0.04375 0.153125
1 0.18984375 0.49609375 0.04296875 0.134375
1 0.15078125 0.50703125 0.0453125 0.16796875
0 0.1734375 0.5328125 0.0359375 0.096875
0 0.0390625 0.36796875 0.0109375 0.028125
0 0.16015625 0.36328125 0.01015625 0.0234375
0 0.2546875 0.3640625 0.0078125 0.0203125
0 0.31796875 0.3609375 0.00859375 0.028125
0 0.3859375 0.36484375 0.01171875 0.03125
0 0.3984375 0.375 0.0140625 0.03359375
0 0.36875 0.3921875 0.01484375 0.03984375
0 0.32734375 0.42265625 0.01796875 0.04921875
0 0.2859375 0.46640625 0.02421875 0.05859375
3 0.33984375 0.34765625 0.00859375 0.025
3 0.403125 0.34765625 0.0078125 0.025
3 0.47734375 0.346875 0.0078125 0.0234375
3 0.53515625 0.34921875 0.01015625 0.0265625
3 0.5765625 0.353125 0.0109375 0.025
3 0.59296875 0.3609375 0.01171875 0.03125
3 0.6 0.37421875 0.0140625 0.03515625
3 0.6265625 0.39921875 0.01640625 0.04453125
3 0.66328125 0.45546875 0.02421875 0.06796875
3 0.86328125 0.61328125 0.06328125 0.153125