0 0.4703125 0.396875 0.01953125 0.04296875
0 0.35625 0.471875 0.0328125 0.07890625
0 0.53125 0.3734375 0.01171875 0.0328125
0 0.465625 0.35390625 0.00859375 0.025
0 0.37890625 0.36640625 0.0078125 0.02109375
3 0.3578125 0.36015625 0.00703125 0.0171875
3 0.48671875 0.33984375 0.00546875 0.01484375
0 0.53359375 0.3453125 0.009375 0.01796875
3 0.68515625 0.37421875 0.01328125 0.034375
3 0.6765625 0.390625 0.0171875 0.0453125
3 0.70703125 0.36953125 0.01328125 0.034375
3 0.72265625 0.45 0.03203125 0.075
3 0.91953125 0.37421875 0.00703125 0.028125
3 0.8328125 0.36796875 0.009375 0.02265625
3 0.75078125 0.36953125 0.01015625 0.03046875
0 0.7546875 0.3546875 0.0078125 0.0234375
0 0.91484375 0.36328125 0.00625 0.0203125
0 0.665625 0.35234375 0.00859375 0.02109375
0 0.603125 0.3609375 0.00859375 0.025
3 0.428125 0.35 0.0078125 0.0171875
0 0.271875 0.3859375 0.009375 0.01953125
3 0.2625 0.3765625 0.00859375 0.01953125
3 0.3140625 0.36015625 0.0078125 0.01796875
3 0.18828125 0.38359375 0.00703125 0.0140625
3 0.16015625 0.4 0.0109375 0.01953125
3 0.1171875 0.39921875 0.00859375 0.02109375
0 0.1546875 0.4140625 0.00859375 0.021875
3 0.053125 0.4328125 0.01015625 0.02421875
0 0.04609375 0.44921875 0.00859375 0.0234375
3 0.03203125 0.4265625 0.00546875 0.01484375
3 0.240625 0.37265625 0.00546875 0.0125
3 0.6234375 0.32890625 0.00703125 0.01953125
3 0.596875 0.3328125 0.0046875 0.01484375
3 0.38828125 0.3484375 0.0078125 0.01796875