1 0.30859375 0.34921875 0.01328125 0.05
1 0.33203125 0.34609375 0.015625 0.04765625
1 0.365625 0.3609375 0.01484375 0.05859375
1 0.39296875 0.35546875 0.01640625 0.06328125
0 0.37890625 0.36875 0.01015625 0.03515625
3 0.3203125 0.3578125 0.00859375 0.0296875
3 0.40625 0.346875 0.01328125 0.03203125
0 0.08046875 0.39921875 0.01953125 0.04375
0 0.23359375 0.3875 0.015625 0.04765625
0 0.13203125 0.62890625 0.090625 0.17109375
0 0.30234375 0.47421875 0.0515625 0.09609375
0 0.4515625 0.42109375 0.02734375 0.0703125
0 0.49375 0.353125 0.0140625 0.03984375
0 0.5828125 0.390625 0.028125 0.05546875
0 0.603125 0.33671875 0.01171875 0.03515625
0 0.96875 0.296875 0.01015625 0.025
0 0.89765625 0.346875 0.01796875 0.05
0 0.88125 0.296875 0.00859375 0.021875
0 0.81328125 0.30078125 0.0078125 0.021875
0 0.76953125 0.31875 0.00859375 0.0265625
0 0.778125 0.31796875 0.0078125 0.02265625
0 0.78046875 0.31171875 0.00703125 0.02109375
0 0.77578125 0.30625 0.00625 0.021875
0 0.73359375 0.32578125 0.0109375 0.028125
0 0.71484375 0.36640625 0.01953125 0.04921875
0 0.6625 0.32890625 0.01171875 0.03125
3 0.92890625 0.28828125 0.00703125 0.021875
3 0.99453125 0.28828125 0.00625 0.02109375
3 0.97109375 0.38828125 0.03515625 0.06875
3 0.8859375 0.4359375 0.04296875 0.0875
3 0.93515625 0.521875 0.0578125 0.13046875
3 0.78515625 0.29609375 0.00546875 0.015625
3 0.73203125 0.30078125 0.00859375 0.01640625
3 0.70078125 0.30625 0.0078125 0.0203125
3 0.67734375 0.31015625 0.00546875 0.02109375
3 0.65703125 0.315625 0.0078125 0.02421875
3 0.62578125 0.32265625 0.00859375 0.025
3 0.534375 0.33125 0.0109375 0.025
3 0.2109375 0.3703125 0.015625 0.03671875
3 0.8546875 0.2921875 0.00859375 0.0203125