1 0.88046875 0.38046875 0.01953125 0.0703125
1 0.8640625 0.37890625 0.0234375 0.075
0 0.875 0.39296875 0.0140625 0.04375
0 0.8125 0.4015625 0.0234375 0.05390625
0 0.809375 0.33359375 0.0078125 0.01953125
0 0.69765625 0.41484375 0.03203125 0.06875
0 0.603125 0.43046875 0.03203125 0.07734375
0 0.53984375 0.36953125 0.015625 0.03203125
0 0.57578125 0.36171875 0.0125 0.02734375
0 0.571875 0.35234375 0.0078125 0.02578125
0 0.5390625 0.3484375 0.00859375 0.028125
0 0.50625 0.340625 0.009375 0.02109375
0 0.48046875 0.33359375 0.00859375 0.0203125
0 0.4578125 0.37265625 0.0171875 0.04140625
0 0.4109375 0.475 0.05 0.09609375
0 0.2734375 0.38203125 0.01796875 0.0453125
0 0.18671875 0.57265625 0.0859375 0.1484375
0 0.04921875 0.39140625 0.021875 0.04609375
3 0.059375 0.371875 0.01328125 0.02734375
3 0.18671875 0.3703125 0.01875 0.0390625
3 0.32578125 0.365625 0.01640625 0.03671875
3 0.39375 0.36015625 0.01171875 0.02578125
3 0.3875 0.3484375 0.009375 0.02421875
3 0.40859375 0.353125 0.01328125 0.02890625
3 0.3546875 0.3421875 0.0109375 0.025
3 0.3453125 0.32734375 0.00703125 0.01796875
3 0.33515625 0.3390625 0.009375 0.01796875
3 0.30703125 0.33515625 0.0078125 0.0234375
3 0.95234375 0.33203125 0.0109375 0.02734375
0 0.97578125 0.36015625 0.0140625 0.03125
0 0.99375 0.34609375 0.01171875 0.02890625
0 0.9453125 0.3703125 0.01875 0.03515625
0 0.9203125 0.38671875 0.0171875 0.03515625
0 0.93359375 0.33671875 0.0125 0.0234375
0 0.88125 0.3359375 0.009375 0.0234375