0 0.3578125 0.54609375 0.0578125 0.12265625
0 0.55703125 0.396875 0.02265625 0.0515625
0 0.61484375 0.36640625 0.0125 0.03515625
0 0.6453125 0.3515625 0.0078125 0.021875
3 0.9859375 0.60234375 0.02734375 0.11640625
3 0.8359375 0.4203125 0.021875 0.0578125
3 0.79453125 0.38046875 0.01171875 0.03515625
3 0.7765625 0.3625 0.0078125 0.028125
0 0.68125 0.34296875 0.00625 0.01640625
3 0.9734375 0.384375 0.0078125 0.021875
3 0.93671875 0.36796875 0.00625 0.01875
0 0.71484375 0.33984375 0.00625 0.015625
0 0.7390625 0.33828125 0.00546875 0.01328125
0 0.75859375 0.3375 0.0046875 0.0109375
3 0.7828125 0.353125 0.00859375 0.0203125
3 0.7984375 0.34765625 0.00546875 0.0171875