0 0.32734375 0.459375 0.03515625 0.08203125
0 0.45 0.37890625 0.01953125 0.046875
0 0.57890625 0.353125 0.0140625 0.04296875
0 0.6828125 0.33828125 0.0125 0.03515625
0 0.77734375 0.33671875 0.01015625 0.028125
3 0.73359375 0.4625 0.0375 0.08125
3 0.71640625 0.40546875 0.02421875 0.06171875
3 0.75 0.37578125 0.015625 0.0484375
3 0.81953125 0.36953125 0.01640625 0.0390625
3 0.89140625 0.36015625 0.0125 0.034375
3 0.93828125 0.3640625 0.009375 0.025
0 0.8375 0.34140625 0.00703125 0.01875
3 0.9703125 0.3640625 0.00703125 0.0203125