0 0.13515625 0.5796875 0.053125 0.12109375
0 0.2171875 0.484375 0.03359375 0.0734375
0 0.26953125 0.434375 0.0234375 0.053125
0 0.3609375 0.403125 0.01953125 0.04296875
0 0.45703125 0.38515625 0.02109375 0.040625
0 0.38671875 0.36015625 0.0125 0.02421875
0 0.290625 0.375 0.01171875 0.02734375
0 0.17265625 0.39296875 0.01796875 0.0375
0 0.04921875 0.4078125 0.0140625 0.0390625
0 0.4765625 0.3484375 0.00703125 0.02265625
0 0.55625 0.36640625 0.01171875 0.034375
0 0.5265625 0.340625 0.009375 0.02421875
0 0.5859375 0.33671875 0.00859375 0.025
0 0.6171875 0.33046875 0.00703125 0.02265625
0 0.6953125 0.346875 0.0125 0.02890625
0 0.628125 0.3265625 0.00625 0.0171875
0 0.8453125 0.3375 0.0109375 0.03359375
0 0.78984375 0.3046875 0.00859375 0.02109375
0 0.71875 0.309375 0.00546875 0.0171875
0 0.6625 0.315625 0.00546875 0.015625
0 0.8734375 0.3046875 0.00625 0.01484375
0 0.93359375 0.3078125 0.00859375 0.01875
3 0.7546875 0.48203125 0.03515625 0.090625
3 0.63828125 0.43359375 0.02421875 0.065625
3 0.646875 0.39765625 0.0234375 0.053125
3 0.72265625 0.37421875 0.01875 0.04453125
3 0.86953125 0.359375 0.015625 0.0375
3 0.4203125 0.34375 0.0125 0.02421875
3 0.49921875 0.3359375 0.009375 0.0234375
3 0.54609375 0.3234375 0.00625 0.0171875
3 0.56640625 0.3203125 0.0078125 0.015625
3 0.5953125 0.31484375 0.00703125 0.01640625
3 0.640625 0.309375 0.00625 0.01640625
3 0.70078125 0.30390625 0.00625 0.0171875
3 0.95 0.296875 0.0078125 0.0203125
3 0.14140625 0.38203125 0.01015625 0.0265625
3 0.23515625 0.36953125 0.00859375 0.02421875
3 0.309375 0.35859375 0.01171875 0.02421875
1 0.3015625 0.365625 0.0140625 0.04765625
1 0.27890625 0.37109375 0.01484375 0.040625
1 0.24609375 0.3625 0.0140625 0.03359375
1 0.22421875 0.3625 0.0125 0.0375