1 0.89140625 0.34609375 0.0125 0.05546875
3 0.9 0.32890625 0.009375 0.0296875
3 0.94765625 0.35390625 0.01171875 0.03125
3 0.9671875 0.35546875 0.01484375 0.03046875
3 0.98671875 0.36171875 0.01171875 0.0375
3 0.74453125 0.3265625 0.009375 0.02734375
3 0.759375 0.325 0.009375 0.021875
3 0.72109375 0.31640625 0.0109375 0.02578125
3 0.74296875 0.48828125 0.04765625 0.0984375
3 0.978125 0.61953125 0.04375 0.1734375
3 0.56875 0.44453125 0.03671875 0.0765625
3 0.40234375 0.4296875 0.03046875 0.0609375
3 0.21484375 0.42578125 0.025 0.05703125
3 0.04140625 0.4328125 0.03359375 0.0625