0 0.0984375 0.8171875 0.1 0.228125
0 0.16484375 0.43125 0.0140625 0.03828125
0 0.13984375 0.465625 0.0171875 0.04765625
0 0.17265625 0.4875 0.025 0.0609375
0 0.209375 0.52265625 0.0359375 0.08671875
0 0.21015625 0.4109375 0.009375 0.03046875
0 0.259375 0.3953125 0.01015625 0.0296875
0 0.446875 0.359375 0.01015625 0.01640625
3 0.4328125 0.38671875 0.01171875 0.02890625
3 0.42421875 0.4015625 0.01328125 0.03828125
3 0.49921875 0.41328125 0.028125 0.059375
3 0.53203125 0.371875 0.01015625 0.02421875
3 0.61015625 0.359375 0.0140625 0.0265625
3 0.65859375 0.353125 0.0078125 0.02890625
3 0.67109375 0.4484375 0.03046875 0.078125
3 0.7203125 0.34609375 0.01015625 0.01953125
3 0.7734375 0.34375 0.0046875 0.01796875
1 0.76328125 0.3390625 0.009375 0.03125
1 0.7828125 0.340625 0.0078125 0.03125
3 0.8234375 0.34140625 0.0078125 0.021875
3 0.88125 0.3390625 0.0046875 0.01640625
0 0.37890625 0.36796875 0.0078125 0.021875