0 0.6484375 0.42578125 0.02734375 0.06875
0 0.6671875 0.37734375 0.0171875 0.04375
3 0.990625 0.47265625 0.01796875 0.05859375
3 0.90234375 0.39921875 0.021875 0.053125
3 0.8296875 0.34765625 0.01171875 0.03046875
3 0.84765625 0.36328125 0.01484375 0.03984375
3 0.79765625 0.32734375 0.00859375 0.02109375
1 0.85859375 0.3578125 0.01875 0.06484375
1 0.84140625 0.35078125 0.01640625 0.05625
1 0.6734375 0.34609375 0.015625 0.0609375
3 0.7734375 0.31484375 0.00546875 0.01796875
3 0.978125 0.34921875 0.00859375 0.02421875
3 0.9578125 0.33671875 0.00703125 0.01796875
3 0.96484375 0.33046875 0.00625 0.01640625
3 0.765625 0.30546875 0.00546875 0.01953125
0 0.68359375 0.32421875 0.00703125 0.0234375