0 0.309375 0.5171875 0.04375 0.09765625
0 0.35 0.41875 0.01953125 0.0453125
0 0.34375 0.38984375 0.01171875 0.0265625
0 0.32109375 0.37890625 0.009375 0.021875
3 0.74765625 0.4625 0.034375 0.07578125
3 0.5890625 0.3875 0.01640625 0.04765625
3 0.50390625 0.365625 0.01015625 0.028125
3 0.44453125 0.3578125 0.01015625 0.0265625
3 0.82890625 0.3796875 0.0125 0.03984375
3 0.72890625 0.3546875 0.01171875 0.0296875
3 0.66640625 0.3421875 0.0078125 0.03125
0 0.29609375 0.3734375 0.00546875 0.02109375
3 0.40703125 0.35625 0.00390625 0.01640625