3 0.93203125 0.43984375 0.03203125 0.0828125
3 0.84453125 0.50078125 0.0609375 0.121875
3 0.8875 0.6828125 0.0765625 0.22109375
0 0.6328125 0.37421875 0.01640625 0.0625
0 0.76328125 0.36875 0.01875 0.0515625
0 0.6921875 0.35859375 0.02890625 0.03671875
0 0.4546875 0.41484375 0.0359375 0.071875
0 0.26015625 0.509375 0.053125 0.09375
0 0.26953125 0.359375 0.01328125 0.03359375
0 0.13828125 0.3984375 0.015625 0.0375
3 0.06953125 0.39296875 0.01171875 0.0328125
3 0.0265625 0.39140625 0.01171875 0.02109375
3 0.18515625 0.3625 0.0125 0.02734375
3 0.2796875 0.3375 0.00859375 0.021875
3 0.32421875 0.328125 0.00859375 0.0203125
0 0.8875 0.3734375 0.01640625 0.04609375
3 0.12109375 0.36015625 0.009375 0.02265625
0 0.371875 0.3359375 0.0140625 0.0296875