3 0.9140625 0.66015625 0.08046875 0.18515625
3 0.67265625 0.4625 0.03359375 0.0796875
3 0.634375 0.403125 0.02109375 0.053125
3 0.6078125 0.37265625 0.0140625 0.03984375
3 0.58125 0.3546875 0.0109375 0.02890625
3 0.5984375 0.36171875 0.01171875 0.03125
1 0.11796875 0.51796875 0.04609375 0.18359375
1 0.1625 0.5109375 0.04296875 0.146875
0 0.14296875 0.54765625 0.02578125 0.09765625
0 0.27265625 0.4734375 0.0328125 0.06875
0 0.3203125 0.4265625 0.02265625 0.05546875
0 0.365625 0.39375 0.01796875 0.04609375
0 0.39921875 0.37421875 0.0109375 0.0328125
1 0.73671875 0.50703125 0.04296875 0.15703125
0 0.7046875 0.41171875 0.00078125 0.0015625
3 0.5390625 0.34921875 0.01015625 0.0265625
3 0.47890625 0.346875 0.0109375 0.025
1 0.71953125 0.49140625 0.040625 0.16171875
3 0.725 0.5359375 0.03671875 0.09140625
1 0.7515625 0.31640625 0.0078125 0.02890625
3 0.40546875 0.3453125 0.00859375 0.02421875
3 0.340625 0.34765625 0.009375 0.025
0 0.38515625 0.36328125 0.01015625 0.03046875
0 0.31640625 0.36015625 0.00859375 0.02421875
0 0.253125 0.36015625 0.00859375 0.0234375
3 0.21953125 0.35234375 0.009375 0.0234375
3 0.653125 0.3015625 0.00625 0.02109375
3 0.66640625 0.309375 0.00546875 0.0140625