0 0.275 0.52265625 0.03984375 0.08984375
0 0.31640625 0.42734375 0.01640625 0.04296875
0 0.2984375 0.40546875 0.0109375 0.03125
0 0.27734375 0.390625 0.00859375 0.02578125
3 0.7109375 0.4578125 0.0328125 0.07734375
3 0.546875 0.39453125 0.01875 0.04140625
3 0.46328125 0.371875 0.01171875 0.0296875
3 0.4171875 0.36796875 0.00859375 0.02421875
3 0.4 0.36640625 0.0078125 0.021875
3 0.8453125 0.38984375 0.01484375 0.03984375
3 0.74375 0.36171875 0.009375 0.0265625
0 0.846875 0.35625 0.00859375 0.02578125
3 0.6859375 0.3484375 0.0109375 0.03046875
3 0.5765625 0.34453125 0.00859375 0.021875
3 0.62890625 0.3484375 0.00859375 0.03046875