0 0.4234375 0.4359375 0.03671875 0.0828125
0 0.525 0.37578125 0.0171875 0.0453125
0 0.58359375 0.35625 0.0109375 0.0375
0 0.64453125 0.3453125 0.0078125 0.02421875
3 0.73984375 0.35703125 0.01015625 0.0234375
3 0.7328125 0.3828125 0.01484375 0.0375
3 0.76640625 0.3546875 0.00859375 0.02890625
3 0.8078125 0.3515625 0.009375 0.02265625
3 0.8046875 0.45625 0.03515625 0.07890625
3 0.83984375 0.35 0.00546875 0.01875
3 0.86796875 0.34375 0.0046875 0.01484375
3 0.87265625 0.33828125 0.0046875 0.015625
0 0.75078125 0.3390625 0.00546875 0.0171875
0 0.715625 0.340625 0.00625 0.0140625
3 0.9796875 0.3671875 0.00625 0.01484375
3 0.97734375 0.359375 0.0046875 0.01328125