0 0.36015625 0.50859375 0.04609375 0.103125
0 0.5921875 0.40390625 0.0203125 0.053125
0 0.70625 0.365625 0.0140625 0.03359375
0 0.759375 0.35546875 0.01015625 0.02734375
0 0.79453125 0.3515625 0.00703125 0.01953125
3 0.9828125 0.64140625 0.034375 0.13046875
3 0.90625 0.45390625 0.02734375 0.06875
3 0.9015625 0.4046875 0.015625 0.03671875
3 0.9046875 0.38203125 0.009375 0.0234375
3 0.9078125 0.3703125 0.009375 0.0265625
3 0.925 0.36484375 0.0078125 0.021875
3 0.946875 0.365625 0.00625 0.0171875
0 0.834375 0.34921875 0.00625 0.01484375
3 0.96640625 0.365625 0.00625 0.0171875
0 0.86875 0.34921875 0.0046875 0.01484375