0 0.16015625 0.74765625 0.05390625 0.18671875
0 0.23828125 0.50703125 0.02734375 0.08125
0 0.196875 0.47109375 0.01875 0.06171875
0 0.1578125 0.4515625 0.0125 0.04453125
0 0.18046875 0.42578125 0.0078125 0.034375
0 0.22421875 0.403125 0.00859375 0.028125
3 0.67890625 0.4421875 0.021875 0.06796875
3 0.5125 0.4078125 0.015625 0.046875
3 0.43515625 0.3921875 0.0109375 0.040625
3 0.44296875 0.3796875 0.0078125 0.02890625
3 0.53828125 0.36484375 0.0109375 0.03984375
3 0.615625 0.35703125 0.009375 0.03125
0 0.2671875 0.38984375 0.00859375 0.0296875
3 0.66328125 0.35 0.0109375 0.03359375
0 0.45703125 0.35546875 0.00703125 0.02421875
0 0.3875 0.36171875 0.00546875 0.01875
0 0.31796875 0.375 0.0078125 0.025
1 0.69921875 0.33125 0.00703125 0.0296875
1 0.71484375 0.33046875 0.00625 0.0265625
1 0.76484375 0.3375 0.0078125 0.03046875
1 0.78515625 0.33671875 0.00703125 0.03203125
3 0.7234375 0.34453125 0.00859375 0.025
3 0.775 0.340625 0.00703125 0.028125
3 0.82421875 0.33984375 0.00703125 0.02109375