0 0.30546875 0.3671875 0.00859375 0.021875
0 0.36171875 0.365625 0.009375 0.021875
0 0.4234375 0.3703125 0.0078125 0.021875
0 0.4359375 0.37734375 0.00859375 0.0234375
0 0.4140625 0.39140625 0.0109375 0.03203125
0 0.38515625 0.41171875 0.01484375 0.03984375
0 0.36015625 0.440625 0.01640625 0.04765625
0 0.30234375 0.46796875 0.01953125 0.06015625
0 0.2015625 0.5265625 0.0421875 0.08984375
3 0.590625 0.36171875 0.00859375 0.0234375
3 0.60390625 0.3671875 0.00859375 0.025
3 0.60859375 0.37734375 0.01171875 0.0296875
3 0.62734375 0.3953125 0.0140625 0.03515625
3 0.64765625 0.43203125 0.01875 0.04921875
3 0.7375 0.4953125 0.0359375 0.08671875
1 0.3078125 0.4484375 0.03203125 0.0953125
1 0.28984375 0.45234375 0.03203125 0.1078125
1 0.67109375 0.44296875 0.0265625 0.1015625