0 0.09609375 0.61171875 0.08515625 0.16015625
0 0.28046875 0.4765625 0.03515625 0.08203125
0 0.34765625 0.43515625 0.0265625 0.06328125
0 0.26796875 0.41015625 0.0203125 0.04765625
0 0.1515625 0.4046875 0.021875 0.04765625
3 0.9671875 0.56875 0.06484375 0.16328125
3 0.78515625 0.45703125 0.04296875 0.09375
3 0.6734375 0.41171875 0.021875 0.05859375
3 0.61875 0.390625 0.021875 0.0515625
3 0.55546875 0.38203125 0.01875 0.04375
3 0.45625 0.378125 0.015625 0.03984375
3 0.3359375 0.37734375 0.0140625 0.0328125
3 0.19453125 0.38125 0.01328125 0.03828125
3 0.025 0.39375 0.0171875 0.03359375