1 0.82421875 0.34921875 0.0125 0.05546875
1 0.81484375 0.35078125 0.01640625 0.05859375
1 0.61796875 0.35 0.0171875 0.05234375
1 0.60546875 0.353125 0.01484375 0.05390625
3 0.8734375 0.32109375 0.0078125 0.021875
3 0.86484375 0.334375 0.009375 0.0296875
3 0.840625 0.353125 0.0125 0.03125
3 0.81015625 0.3671875 0.01875 0.04296875
3 0.78125 0.4 0.025 0.05859375
3 0.68046875 0.45703125 0.046875 0.08671875
3 0.80859375 0.57890625 0.08203125 0.153125
3 0.01953125 0.38125 0.0125 0.03125
3 0.15234375 0.36875 0.0109375 0.028125
3 0.21484375 0.3609375 0.0109375 0.028125
0 0.7078125 0.32890625 0.01015625 0.025
0 0.6796875 0.34140625 0.009375 0.025
0 0.65546875 0.353125 0.01015625 0.03125
0 0.5609375 0.36796875 0.015625 0.03671875
0 0.4703125 0.38359375 0.0171875 0.04453125
0 0.38359375 0.353125 0.01015625 0.025
0 0.35234375 0.36015625 0.01015625 0.0265625
0 0.278125 0.36875 0.01328125 0.028125
0 0.39921875 0.39609375 0.0203125 0.05078125
0 0.26015625 0.428125 0.025 0.06015625
0 0.13125 0.48125 0.03828125 0.08671875