0 0.3796875 0.45078125 0.028125 0.0734375
0 0.4953125 0.39375 0.02109375 0.05390625
0 0.59921875 0.375 0.01015625 0.03359375
0 0.67890625 0.35703125 0.01328125 0.02734375
3 0.775 0.4609375 0.03359375 0.08359375
3 0.75234375 0.41328125 0.02109375 0.06015625
3 0.77109375 0.40078125 0.01796875 0.05625
3 0.81953125 0.39140625 0.0203125 0.05234375
3 0.91875 0.3921875 0.0171875 0.0421875
3 0.02734375 0.41875 0.01015625 0.02578125
3 0.084375 0.3859375 0.0078125 0.01953125
3 0.15546875 0.384375 0.009375 0.0234375
3 0.278125 0.35859375 0.00703125 0.021875
0 0.14921875 0.40390625 0.009375 0.02421875
0 0.29296875 0.3703125 0.009375 0.02890625
3 0.36875 0.34453125 0.00546875 0.01953125
0 0.7890625 0.3578125 0.01171875 0.03203125
0 0.88203125 0.3703125 0.01328125 0.0328125
0 0.9828125 0.38359375 0.0109375 0.02890625