1 0.31953125 0.3609375 0.01796875 0.06640625
1 0.28671875 0.36796875 0.0171875 0.065625
1 0.2546875 0.35390625 0.0140625 0.05390625
1 0.22734375 0.35546875 0.015625 0.053125
3 0.240625 0.36484375 0.009375 0.0296875
0 0.30234375 0.3765625 0.0125 0.03984375
3 0.33984375 0.3515625 0.0109375 0.0265625
0 0.3734375 0.4546875 0.03515625 0.0796875
0 0.43828125 0.36015625 0.0140625 0.03671875
3 0.48515625 0.334375 0.0125 0.0296875
0 0.128125 0.403125 0.01796875 0.0375
0 0.13515625 0.5546875 0.06640625 0.1296875
0 0.5390625 0.40625 0.0296875 0.06875
0 0.56015625 0.340625 0.01328125 0.03671875
0 0.625 0.3359375 0.009375 0.02890625
0 0.69453125 0.38359375 0.021875 0.0515625
0 0.70078125 0.32890625 0.0125 0.0296875
0 0.73671875 0.325 0.01015625 0.025
0 0.74453125 0.3203125 0.00625 0.02578125
0 0.73828125 0.30859375 0.00625 0.0203125
0 0.77734375 0.3046875 0.00703125 0.01953125
3 0.746875 0.3 0.0078125 0.01796875
3 0.6609375 0.309375 0.00859375 0.01953125
3 0.6921875 0.30546875 0.00625 0.01640625
3 0.63671875 0.3140625 0.00625 0.0171875
3 0.61640625 0.32265625 0.00625 0.01953125
3 0.615625 0.3171875 0.0046875 0.01640625
3 0.584375 0.328125 0.00859375 0.02421875
3 0.9953125 0.43671875 0.009375 0.03671875
3 0.9453125 0.48046875 0.059375 0.11015625
3 0.959375 0.29453125 0.0078125 0.0203125
3 0.8921875 0.2953125 0.00859375 0.01796875
3 0.8171875 0.2953125 0.00625 0.01640625
0 0.846875 0.30234375 0.00859375 0.0203125
0 0.89296875 0.3578125 0.02578125 0.0484375
0 0.9359375 0.303125 0.0078125 0.0203125