1 0.82109375 0.33828125 0.009375 0.034375
1 0.80234375 0.34375 0.00625 0.034375
1 0.7796875 0.33671875 0.0109375 0.01875
3 0.81171875 0.3484375 0.00625 0.02421875
3 0.75859375 0.35234375 0.00859375 0.02734375
3 0.6953125 0.3546875 0.0078125 0.02890625
3 0.64296875 0.3625 0.009375 0.028125
3 0.5609375 0.37265625 0.0109375 0.0296875
3 0.53125 0.43125 0.0265625 0.06484375
3 0.73671875 0.478125 0.0390625 0.0984375
3 0.9203125 0.3453125 0.00546875 0.01640625
3 0.8625 0.34765625 0.00703125 0.0203125
3 0.4546875 0.38984375 0.01015625 0.03828125
3 0.44453125 0.40546875 0.01796875 0.046875
0 0.4671875 0.36484375 0.0109375 0.01796875
0 0.1875 0.5625 0.0328125 0.09453125
0 0.16015625 0.5078125 0.02734375 0.07421875
0 0.13203125 0.47578125 0.02265625 0.0578125
0 0.16953125 0.44140625 0.015625 0.03828125
0 0.2203125 0.41484375 0.0140625 0.0328125
0 0.27109375 0.3984375 0.01171875 0.0296875
0 0.325 0.384375 0.009375 0.0265625
0 0.3984375 0.371875 0.0109375 0.01875