0 0.3078125 0.60859375 0.0609375 0.15078125
0 0.05859375 0.42890625 0.02265625 0.05234375
0 0.2453125 0.42109375 0.01875 0.0453125
0 0.3859375 0.4265625 0.01796875 0.04609375
0 0.50859375 0.4828125 0.03203125 0.07578125
0 0.52109375 0.43984375 0.02109375 0.05234375
3 0.871875 0.44140625 0.02734375 0.06328125
3 0.765625 0.41796875 0.02109375 0.04609375
3 0.6640625 0.40625 0.0171875 0.04296875
3 0.528125 0.40390625 0.01640625 0.03828125
3 0.3671875 0.39921875 0.01328125 0.0375
3 0.22578125 0.403125 0.01328125 0.0359375
3 0.08515625 0.40625 0.01640625 0.04453125