0 0.290625 0.5265625 0.04609375 0.109375
0 0.3890625 0.4203125 0.0203125 0.05390625
0 0.38515625 0.37890625 0.01796875 0.04140625
0 0.35390625 0.36953125 0.009375 0.03515625
0 0.3171875 0.3671875 0.0125 0.0265625
3 0.41328125 0.34453125 0.0109375 0.02578125
3 0.4515625 0.346875 0.00859375 0.02421875
3 0.46796875 0.33671875 0.00546875 0.01796875
3 0.51796875 0.35 0.0125 0.0296875
3 0.57734375 0.36171875 0.0125 0.03359375
3 0.646875 0.390625 0.01875 0.05078125
3 0.77578125 0.48984375 0.04375 0.11484375
3 0.85 0.3828125 0.0171875 0.04375
3 0.76484375 0.359375 0.01171875 0.03203125
3 0.721875 0.3421875 0.009375 0.02578125
3 0.709375 0.33359375 0.00703125 0.02890625
3 0.7671875 0.3234375 0.009375 0.02421875
0 0.946875 0.3875 0.0046875 0.01484375
0 0.87734375 0.35859375 0.00703125 0.02265625
0 0.84453125 0.3453125 0.00625 0.01875
0 0.8328125 0.33671875 0.00859375 0.0234375
0 0.85078125 0.33203125 0.00546875 0.01875
0 0.86953125 0.33203125 0.00625 0.01953125
0 0.27578125 0.3671875 0.00859375 0.02265625