3 0.05078125 0.3875 0.0109375 0.0296875
3 0.23046875 0.3734375 0.009375 0.028125
3 0.32578125 0.3625 0.01015625 0.0265625
3 0.39921875 0.35078125 0.0125 0.0265625
3 0.51484375 0.33671875 0.009375 0.025
3 0.86875 0.3734375 0.02265625 0.04609375
3 0.78359375 0.40546875 0.02421875 0.05546875
3 0.7859375 0.45234375 0.03359375 0.07578125
3 0.9703125 0.53359375 0.059375 0.1265625
0 0.5765625 0.3390625 0.0078125 0.0265625
0 0.3796875 0.36875 0.0078125 0.0296875
0 0.47890625 0.35234375 0.00859375 0.0296875
0 0.82890625 0.33984375 0.015625 0.03515625
0 0.69609375 0.3234375 0.00859375 0.021875
0 0.6296875 0.33203125 0.0078125 0.025
0 0.134375 0.396875 0.0140625 0.03359375
0 0.25859375 0.3875 0.0109375 0.03359375
0 0.66875 0.3625 0.0125 0.03515625
0 0.55390625 0.38046875 0.015625 0.03828125
0 0.4515625 0.40625 0.01796875 0.04296875
0 0.3484375 0.44140625 0.0234375 0.05859375
0 0.2765625 0.50625 0.0390625 0.08984375
0 0.13125 0.665625 0.078125 0.17421875
1 0.315625 0.3546875 0.01015625 0.03828125
1 0.33359375 0.35234375 0.01171875 0.04140625
1 0.36796875 0.3625 0.01015625 0.04453125
1 0.390625 0.3578125 0.01484375 0.04921875