0 0.034375 0.55625 0.04921875 0.1171875
0 0.05 0.41171875 0.015625 0.04140625
0 0.16640625 0.41015625 0.01484375 0.04609375
0 0.2390625 0.4296875 0.01875 0.05390625
0 0.178125 0.4609375 0.0296875 0.06640625
3 0.09140625 0.39140625 0.01484375 0.03203125
3 0.23125 0.38515625 0.0140625 0.0296875
3 0.346875 0.38359375 0.01171875 0.03125
3 0.43984375 0.384375 0.0109375 0.03359375
3 0.4921875 0.39296875 0.01640625 0.04453125
3 0.5328125 0.40625 0.02265625 0.04921875
3 0.6046875 0.43984375 0.028125 0.06796875
3 0.696875 0.5046875 0.0421875 0.1015625