0 0.31796875 0.4828125 0.0421875 0.09921875
3 0.9296875 0.4765625 0.03671875 0.09375
3 0.89453125 0.62421875 0.078125 0.1765625
0 0.9703125 0.37421875 0.0140625 0.040625
0 0.83125 0.37265625 0.01640625 0.0390625
0 0.70234375 0.38203125 0.01640625 0.0453125
0 0.61640625 0.3640625 0.02890625 0.0390625
0 0.55234375 0.3953125 0.028125 0.06328125
0 0.25390625 0.35546875 0.01171875 0.0296875
0 0.128125 0.39609375 0.01484375 0.04296875
3 0.20625 0.34921875 0.01015625 0.0234375
3 0.15390625 0.3625 0.0109375 0.02578125
3 0.0421875 0.4 0.01015625 0.02734375
3 0.071875 0.36640625 0.00625 0.0171875
3 0.0421875 0.38203125 0.01171875 0.01953125
0 0.3078125 0.3375 0.00703125 0.01875