3 0.0296875 0.4 0.02109375 0.05234375
0 0.15234375 0.42265625 0.0234375 0.0609375
3 0.21484375 0.3828125 0.01640625 0.0421875
0 0.275 0.40234375 0.01484375 0.04921875
3 0.26484375 0.3703125 0.01015625 0.03203125
3 0.32734375 0.35546875 0.00703125 0.01640625
3 0.2953125 0.36484375 0.00859375 0.015625
3 0.3671875 0.3484375 0.0078125 0.01953125
0 0.39765625 0.39140625 0.021875 0.04765625
0 0.4296875 0.36015625 0.00703125 0.021875
0 0.440625 0.365625 0.00625 0.025
0 0.44765625 0.37421875 0.0078125 0.03046875
0 0.44453125 0.384375 0.01015625 0.0359375
0 0.4734375 0.35078125 0.01015625 0.02578125
3 0.43203125 0.34453125 0.00703125 0.02265625
3 0.51171875 0.34296875 0.00859375 0.02109375
0 0.5515625 0.35 0.009375 0.021875
3 0.59140625 0.34140625 0.009375 0.01953125
3 0.659375 0.34140625 0.00859375 0.0203125
0 0.646875 0.35078125 0.00859375 0.02265625
0 0.76015625 0.353125 0.0109375 0.0234375
3 0.73515625 0.34453125 0.00859375 0.0203125
3 0.828125 0.34609375 0.01015625 0.0234375
0 0.846875 0.35625 0.0140625 0.0296875
3 0.91953125 0.34921875 0.01171875 0.025
0 0.971875 0.359375 0.0171875 0.03125
0 0.778125 0.4625 0.04609375 0.090625
0 0.45078125 0.53515625 0.0203125 0.05078125