0 0.00625 0.39140625 0.0125 0.04765625
0 0.1546875 0.3828125 0.01484375 0.04296875
0 0.3 0.371875 0.01484375 0.0390625
0 0.43046875 0.5203125 0.0453125 0.1171875
0 0.41328125 0.371875 0.01328125 0.03203125
0 0.53125 0.37421875 0.0125 0.0328125
0 0.60546875 0.43515625 0.028125 0.06953125
0 0.6296875 0.378125 0.0140625 0.03515625
0 0.71328125 0.4046875 0.0203125 0.05078125
0 0.72890625 0.3859375 0.01484375 0.0375
3 0.99375 0.4 0.0125 0.04609375
3 0.93359375 0.38359375 0.01796875 0.040625
3 0.85546875 0.37265625 0.01328125 0.0375
3 0.7421875 0.36796875 0.01328125 0.03046875
3 0.61328125 0.365625 0.01171875 0.0296875
3 0.509375 0.36171875 0.009375 0.028125
3 0.41875 0.36171875 0.009375 0.03046875
3 0.16796875 0.365625 0.01171875 0.03125
3 0.03984375 0.37109375 0.0109375 0.03515625