3 0.05 0.38984375 0.0109375 0.0296875
0 0.059375 0.4 0.0109375 0.03671875
0 0.1546875 0.390625 0.0140625 0.03828125
0 0.1125 0.48671875 0.0390625 0.08125
0 0.2015625 0.4453125 0.02734375 0.05859375
0 0.20390625 0.39140625 0.01640625 0.0390625
0 0.2140625 0.4109375 0.01796875 0.04453125
3 0.14375 0.37890625 0.0109375 0.03046875
3 0.2125 0.371875 0.0140625 0.03125
3 0.2859375 0.36953125 0.01328125 0.03203125
3 0.3640625 0.3703125 0.01640625 0.03359375
3 0.41953125 0.37578125 0.01640625 0.0375
3 0.45703125 0.384375 0.0234375 0.04765625
3 0.5078125 0.40078125 0.025 0.0546875
3 0.5640625 0.43359375 0.02890625 0.06484375
3 0.61953125 0.48125 0.04375 0.096875
3 0.78671875 0.609375 0.08515625 0.17109375