0 0.265625 0.5203125 0.05234375 0.0984375
0 0.53359375 0.41015625 0.03046875 0.0671875
0 0.59921875 0.3703125 0.028125 0.0359375
0 0.69140625 0.38671875 0.021875 0.053125
0 0.8265625 0.38046875 0.01796875 0.03671875
0 0.96328125 0.3828125 0.0140625 0.0328125
0 0.08671875 0.403125 0.01171875 0.0390625
0 0.21796875 0.36015625 0.00859375 0.02890625
3 0.11796875 0.36953125 0.0109375 0.025
3 0.171875 0.3515625 0.0078125 0.025
3 0.94453125 0.70234375 0.065625 0.19296875
3 0.94765625 0.49609375 0.03515625 0.09765625