0 0.87109375 0.35234375 0.009375 0.021875
0 0.89375 0.36484375 0.0109375 0.025
0 0.20703125 0.38125 0.0078125 0.0234375
0 0.21484375 0.390625 0.01015625 0.028125
0 0.259375 0.390625 0.01328125 0.03359375
0 0.3015625 0.39375 0.0140625 0.03671875
0 0.3328125 0.415625 0.021875 0.05078125
0 0.31015625 0.51015625 0.03671875 0.0953125
3 0.75859375 0.33671875 0.00859375 0.0234375
3 0.7375 0.3453125 0.01015625 0.025
3 0.76015625 0.3625 0.01171875 0.028125
3 0.82890625 0.38359375 0.01484375 0.04140625
3 0.4515625 0.34296875 0.0078125 0.021875
3 0.3828125 0.359375 0.00859375 0.025
3 0.43125 0.3609375 0.009375 0.03125
3 0.51171875 0.365625 0.0140625 0.03671875
3 0.5984375 0.3921875 0.0140625 0.04453125
3 0.7296875 0.45078125 0.0265625 0.07109375