3 0.89296875 0.51328125 0.0625 0.11796875
3 0.73671875 0.446875 0.03359375 0.08046875
3 0.7421875 0.4015625 0.0234375 0.05703125
3 0.8234375 0.37109375 0.01953125 0.04921875
0 0.140625 0.625 0.07109375 0.15859375
0 0.26171875 0.49375 0.040625 0.09140625
0 0.328125 0.43671875 0.028125 0.06328125
0 0.4265625 0.40390625 0.01875 0.05
0 0.5265625 0.38046875 0.01796875 0.04375
0 0.63671875 0.36328125 0.0140625 0.040625
0 0.23828125 0.3890625 0.0140625 0.04296875
0 0.11171875 0.3921875 0.01484375 0.03984375
0 0.4546875 0.3546875 0.01171875 0.03671875
0 0.78984375 0.34453125 0.015625 0.04140625
0 0.959375 0.33359375 0.015625 0.05234375
0 0.55 0.34140625 0.0109375 0.0296875
0 0.6015625 0.3328125 0.009375 0.03125
0 0.66640625 0.325 0.00859375 0.03125
0 0.69921875 0.32109375 0.00859375 0.0296875
0 0.709375 0.31953125 0.00625 0.0234375
0 0.7140625 0.3171875 0.00625 0.0234375
0 0.35703125 0.36875 0.00859375 0.03125
1 0.36953125 0.359375 0.0125 0.05078125
1 0.3453125 0.36328125 0.0140625 0.0484375
1 0.29296875 0.35625 0.01171875 0.0421875
1 0.31328125 0.3546875 0.0125 0.0421875
3 0.209375 0.37421875 0.01015625 0.0296875
3 0.37734375 0.35234375 0.009375 0.03203125
3 0.30390625 0.36328125 0.01171875 0.03359375
0 0.35625 0.36953125 0.0109375 0.0328125
3 0.4921875 0.33828125 0.009375 0.0296875
3 0.57265625 0.32890625 0.009375 0.028125
3 0.603125 0.321875 0.009375 0.025
3 0.62265625 0.31484375 0.00625 0.01875
3 0.64453125 0.31328125 0.00703125 0.021875
3 0.6734375 0.30625 0.00703125 0.021875
3 0.7234375 0.30078125 0.00703125 0.021875
3 0.7875 0.29609375 0.00703125 0.01953125
3 0.8546875 0.29375 0.00703125 0.021875
3 0.47890625 0.6171875 0.07578125 0.01796875
0 0.88671875 0.3 0.00859375 0.02578125
0 0.80859375 0.30234375 0.0046875 0.02109375
0 0.74765625 0.3046875 0.0078125 0.021875
3 0.99140625 0.36015625 0.0171875 0.04921875
3 0.03046875 0.38984375 0.01640625 0.03359375