0 0.0671875 0.76015625 0.07421875 0.190625
0 0.10078125 0.5921875 0.04609375 0.1015625
0 0.1125 0.51171875 0.02734375 0.065625
0 0.18359375 0.45703125 0.0171875 0.046875
0 0.25 0.425 0.01328125 0.03671875
0 0.3140625 0.40703125 0.0109375 0.028125
0 0.37734375 0.39296875 0.009375 0.028125
0 0.46015625 0.37734375 0.009375 0.02734375
3 0.63984375 0.49296875 0.03359375 0.09375
3 0.51171875 0.4375 0.02265625 0.0578125
3 0.52734375 0.41015625 0.015625 0.0453125
3 0.65078125 0.39453125 0.01484375 0.03828125
0 0.53671875 0.3703125 0.01484375 0.01875
3 0.7484375 0.38671875 0.01484375 0.0375
3 0.803125 0.38125 0.01171875 0.0296875
3 0.871875 0.378125 0.0078125 0.025
1 0.9171875 0.37265625 0.01171875 0.03359375
1 0.8875 0.3609375 0.01953125 0.025
0 0.84453125 0.36015625 0.009375 0.0140625
3 0.92734375 0.37734375 0.00859375 0.0234375