0 0.0953125 0.63828125 0.0734375 0.19609375
0 0.45625 0.49140625 0.04296875 0.1203125
0 0.69140625 0.4390625 0.04921875 0.1015625
0 0.94921875 0.40234375 0.0375 0.084375
0 0.33359375 0.4 0.028125 0.0765625
0 0.49609375 0.36640625 0.028125 0.06484375
1 0.0546875 0.3859375 0.03046875 0.0796875
1 0.09296875 0.38046875 0.01953125 0.0640625
1 0.1140625 0.4046875 0.0171875 0.0703125
1 0.16484375 0.39765625 0.028125 0.0796875
0 0.13359375 0.415625 0.0125 0.04609375
0 0.57734375 0.359375 0.01328125 0.02578125