0 0.26484375 0.509375 0.0359375 0.1
0 0.4015625 0.39765625 0.01796875 0.0515625
0 0.4640625 0.3671875 0.01015625 0.03125
0 0.5015625 0.35390625 0.0078125 0.02734375
3 0.7421875 0.4890625 0.03671875 0.0890625
3 0.63359375 0.39609375 0.01640625 0.04765625
3 0.6234375 0.36953125 0.01015625 0.02734375
3 0.63125 0.359375 0.00859375 0.0265625
3 0.63515625 0.3484375 0.00625 0.021875
3 0.86796875 0.38203125 0.01171875 0.03359375
3 0.79140625 0.3578125 0.00859375 0.0296875
0 0.903125 0.3671875 0.009375 0.0265625
0 0.525 0.346875 0.00859375 0.01875