0 0.17890625 0.540625 0.03671875 0.1296875
0 0.28671875 0.45234375 0.03125 0.0828125
0 0.3640625 0.3953125 0.02421875 0.06015625
0 0.41328125 0.3640625 0.01484375 0.03984375
0 0.4 0.353125 0.0125 0.03828125
3 0.86875 0.56171875 0.04765625 0.13984375
3 0.7375 0.4109375 0.03203125 0.07734375
3 0.6796875 0.365625 0.021875 0.05625
3 0.66328125 0.34765625 0.01640625 0.04609375
3 0.63515625 0.33359375 0.01171875 0.0484375
3 0.584375 0.3265625 0.01484375 0.03515625
3 0.51484375 0.32734375 0.01796875 0.0328125
3 0.428125 0.32421875 0.0171875 0.034375
1 0.828125 0.29375 0.01015625 0.0359375
3 0.3578125 0.33359375 0.01015625 0.028125
0 0.32421875 0.34609375 0.0125 0.03359375
0 0.253125 0.346875 0.01015625 0.03125
0 0.146875 0.346875 0.01171875 0.03125
0 0.015625 0.353125 0.01015625 0.0328125
3 0.2234375 0.340625 0.009375 0.0328125
3 0.02421875 0.34296875 0.01015625 0.02890625