0 0.025 0.7828125 0.04921875 0.209375
0 0.32265625 0.48203125 0.0375 0.0890625
0 0.4046875 0.40625 0.0171875 0.0421875
0 0.4296875 0.37421875 0.0109375 0.03203125
3 0.7671875 0.4796875 0.034375 0.08125
3 0.65625 0.396875 0.01953125 0.05234375
3 0.59296875 0.3609375 0.01328125 0.03515625
3 0.8359375 0.3828125 0.0140625 0.03515625
3 0.7484375 0.3609375 0.01015625 0.0296875
3 0.5515625 0.346875 0.01015625 0.0265625
0 0.79453125 0.34765625 0.00703125 0.028125
0 0.86015625 0.35859375 0.00703125 0.028125
0 0.415625 0.34765625 0.00546875 0.01796875
0 0.4296875 0.3578125 0.009375 0.0234375
3 0.51171875 0.34140625 0.0046875 0.01640625
3 0.47578125 0.3390625 0.00390625 0.0140625