0 0.02578125 0.56640625 0.01875 0.04765625
0 0.15546875 0.44453125 0.01484375 0.0359375
0 0.21953125 0.53046875 0.03203125 0.07734375
0 0.24609375 0.365625 0.00625 0.0203125
0 0.22421875 0.3875 0.00859375 0.021875
0 0.2859375 0.403125 0.01328125 0.034375
0 0.2953125 0.36640625 0.00859375 0.0234375
3 0.44921875 0.31796875 0.00625 0.0171875
3 0.45703125 0.31171875 0.0046875 0.01484375
3 0.45625 0.33125 0.0078125 0.01796875
3 0.49375 0.346875 0.01171875 0.02734375
3 0.59765625 0.396875 0.02265625 0.05078125
3 0.77421875 0.56328125 0.04140625 0.11328125
3 0.07265625 0.47109375 0.01015625 0.02109375
3 0.1515625 0.409375 0.00703125 0.01796875
0 0.3328125 0.33828125 0.00625 0.015625