3 0.7390625 0.4625 0.0421875 0.10859375
0 0.2078125 0.39609375 0.01875 0.05390625
0 0.37421875 0.309375 0.01171875 0.0328125
0 0.49140625 0.2765625 0.01015625 0.03125
0 0.6234375 0.26328125 0.00859375 0.02578125
0 0.7203125 0.26484375 0.00703125 0.02421875
0 0.82890625 0.2765625 0.0078125 0.0234375
3 0.6203125 0.34765625 0.01953125 0.053125
3 0.60546875 0.29765625 0.0140625 0.0375
3 0.71328125 0.28515625 0.01015625 0.02890625
3 0.81328125 0.28828125 0.01015625 0.03203125
3 0.93671875 0.325 0.0109375 0.028125
0 0.93125 0.30234375 0.0078125 0.02109375