0 0.20625 0.55390625 0.034375 0.09296875
0 0.28984375 0.44140625 0.01171875 0.04375
0 0.2796875 0.41015625 0.009375 0.03203125
0 0.2453125 0.403125 0.01015625 0.02890625
0 0.2078125 0.4 0.00625 0.025
3 0.6875 0.48515625 0.028125 0.084375
3 0.53671875 0.4046875 0.0125 0.04296875
3 0.44140625 0.3828125 0.00703125 0.0296875
3 0.36953125 0.37890625 0.0078125 0.025
3 0.3078125 0.37734375 0.00625 0.021875
3 0.94765625 0.40703125 0.0171875 0.05859375
3 0.7859375 0.37109375 0.0109375 0.03984375
3 0.68671875 0.353125 0.01015625 0.03359375
3 0.61875 0.3484375 0.0078125 0.025
3 0.5734375 0.3453125 0.0078125 0.02109375
0 0.16484375 0.40234375 0.00625 0.02109375
0 0.1234375 0.40859375 0.00703125 0.025
0 0.77734375 0.3515625 0.00703125 0.028125
0 0.6921875 0.34453125 0.00625 0.0234375
0 0.87734375 0.36875 0.00859375 0.02890625
3 0.24140625 0.384375 0.00625 0.02109375
0 0.18046875 0.390625 0.00625 0.021875
0 0.06875 0.41953125 0.00625 0.021875