0 0.03515625 0.665625 0.06953125 0.20390625
0 0.25078125 0.49765625 0.05078125 0.10390625
0 0.4 0.43828125 0.03515625 0.07109375
0 0.55390625 0.4015625 0.0296875 0.0625
0 0.6328125 0.3921875 0.01953125 0.053125
0 0.7390625 0.38046875 0.01796875 0.04375
0 0.50390625 0.3625 0.009375 0.03046875
0 0.534375 0.35390625 0.01015625 0.02578125
0 0.53203125 0.34140625 0.01015625 0.02109375
0 0.5 0.33984375 0.00625 0.02109375
0 0.42734375 0.36640625 0.0125 0.028125
0 0.44375 0.33203125 0.00546875 0.01796875
0 0.4609375 0.32109375 0.0046875 0.01484375
0 0.46796875 0.33359375 0.00625 0.01953125
0 0.428125 0.328125 0.00859375 0.01953125
0 0.41875 0.325 0.00703125 0.0171875
0 0.26328125 0.375 0.0109375 0.0375
0 0.06796875 0.38828125 0.0125 0.034375
0 0.79453125 0.3671875 0.01484375 0.04140625
0 0.84296875 0.3640625 0.01484375 0.03515625
0 0.86953125 0.35078125 0.01171875 0.028125
0 0.9015625 0.33984375 0.01015625 0.02421875
0 0.93125 0.32890625 0.01015625 0.02421875
0 0.925 0.325 0.0078125 0.0234375
0 0.82265625 0.3203125 0.00859375 0.01875
0 0.75546875 0.31953125 0.0078125 0.01953125
0 0.67890625 0.31953125 0.0078125 0.01875
0 0.87109375 0.321875 0.00625 0.01796875
0 0.61328125 0.32109375 0.00625 0.01796875
0 0.575 0.31796875 0.0078125 0.01953125
0 0.51015625 0.3203125 0.0046875 0.01328125
3 0.93984375 0.5109375 0.065625 0.12265625
3 0.9484375 0.31484375 0.0078125 0.01875
3 0.89140625 0.3140625 0.00859375 0.02109375
3 0.79453125 0.31328125 0.00703125 0.0171875
3 0.7203125 0.315625 0.00703125 0.01953125
1 0.7875 0.3578125 0.0171875 0.065625
1 0.803125 0.3578125 0.0171875 0.06015625
3 0.665625 0.315625 0.00625 0.01953125
3 0.60859375 0.3140625 0.00546875 0.01875
3 0.565625 0.3140625 0.00546875 0.01875
3 0.525 0.3171875 0.00703125 0.0171875
3 0.3671875 0.3578125 0.009375 0.02890625
3 0.37890625 0.34921875 0.009375 0.02578125
3 0.38046875 0.3234375 0.00625 0.01796875
3 0.35859375 0.3453125 0.01015625 0.028125
3 0.30390625 0.36171875 0.01171875 0.0265625
3 0.1796875 0.3703125 0.0125 0.0296875
3 0.30546875 0.33828125 0.00703125 0.01953125
3 0.3140625 0.32890625 0.0078125 0.01875
3 0.06015625 0.37109375 0.0109375 0.03125