1 0.14609375 0.365625 0.02109375 0.071875
1 0.1796875 0.36484375 0.0203125 0.06484375
1 0.20703125 0.38203125 0.025 0.08671875
1 0.24765625 0.38046875 0.02578125 0.08671875
0 0.225 0.396875 0.01875 0.05
3 0.1625 0.378125 0.015625 0.04296875
3 0.28125 0.3640625 0.01484375 0.03828125
3 0.00546875 0.39765625 0.0109375 0.05
0 0.0078125 0.440625 0.015625 0.05
0 0.275 0.53125 0.06875 0.14453125
0 0.3921875 0.37265625 0.01796875 0.04765625
3 0.45078125 0.3453125 0.01484375 0.03671875
0 0.5359375 0.35390625 0.015625 0.04375
0 0.51640625 0.453125 0.0390625 0.08515625
0 0.709375 0.41171875 0.03359375 0.071875
0 0.69140625 0.340625 0.0171875 0.03203125
0 0.728125 0.3375 0.0140625 0.028125
0 0.73359375 0.334375 0.01171875 0.0296875
0 0.72421875 0.3203125 0.00859375 0.0203125
0 0.76171875 0.315625 0.01015625 0.01796875
3 0.6140625 0.32421875 0.0125 0.0265625
0 0.60546875 0.34609375 0.0140625 0.0359375
3 0.59296875 0.32890625 0.0078125 0.02890625
3 0.56015625 0.3359375 0.01328125 0.03125
3 0.6375 0.3171875 0.0078125 0.02109375
3 0.95234375 0.30390625 0.0078125 0.02421875
3 0.88125 0.303125 0.009375 0.02265625
3 0.803125 0.30625 0.0078125 0.021875
0 0.8375 0.31171875 0.009375 0.021875
0 0.93125 0.3125 0.01015625 0.025
0 0.93828125 0.3765625 0.0296875 0.0609375