0 0.41328125 0.453125 0.03671875 0.08671875
0 0.4984375 0.38046875 0.0375 0.05546875
0 0.60625 0.39375 0.025 0.07109375
0 0.753125 0.3703125 0.0203125 0.04609375
0 0.88828125 0.35703125 0.01640625 0.0328125
0 0.98515625 0.3546875 0.0109375 0.03671875
3 0.94921875 0.5265625 0.05078125 0.12890625
0 0.03515625 0.75234375 0.0140625 0.05234375
0 0.0734375 0.40859375 0.009375 0.034375
0 0.14609375 0.38046875 0.009375 0.02265625
3 0.0328125 0.40859375 0.009375 0.02265625
3 0.0578125 0.39140625 0.00703125 0.01875
3 0.0296875 0.396875 0.00625 0.01640625