3 0.88984375 0.6703125 0.05546875 0.13046875
3 0.7046875 0.390625 0.02265625 0.04609375
3 0.69296875 0.33984375 0.01328125 0.0234375
3 0.69375 0.31875 0.00859375 0.015625
0 0.35078125 0.48125 0.03203125 0.07578125
0 0.471875 0.3625 0.01484375 0.0359375
0 0.5390625 0.3328125 0.01171875 0.028125
0 0.5828125 0.31328125 0.009375 0.01875
0 0.5984375 0.303125 0.009375 0.01640625
0 0.4953125 0.31484375 0.0078125 0.01875
0 0.553125 0.3015625 0.00625 0.01640625
0 0.42890625 0.33125 0.00859375 0.02109375
0 0.328125 0.36328125 0.009375 0.02109375
3 0.46015625 0.3125 0.00546875 0.015625
3 0.4125 0.32734375 0.0078125 0.01953125
3 0.34453125 0.34609375 0.0078125 0.01953125
3 0.2578125 0.371875 0.00703125 0.01796875
3 0.171875 0.403125 0.00625 0.01796875
3 0.09296875 0.43984375 0.00703125 0.01875
3 0.02109375 0.48125 0.00703125 0.02109375
0 0.065625 0.4625 0.00859375 0.021875
0 0.15 0.42421875 0.00703125 0.0234375
0 0.22421875 0.39765625 0.01015625 0.0234375