0 0.31640625 0.465625 0.0375 0.0703125
0 0.3953125 0.3890625 0.0171875 0.0453125
0 0.4375 0.3546875 0.0109375 0.034375
0 0.47265625 0.3390625 0.009375 0.02265625
3 0.67578125 0.4328125 0.03203125 0.0796875
3 0.5875 0.3734375 0.0140625 0.046875
3 0.56484375 0.34765625 0.0078125 0.02890625
3 0.58046875 0.3375 0.01171875 0.025
3 0.6125 0.33046875 0.0109375 0.02421875
0 0.5375 0.32578125 0.009375 0.021875
3 0.9421875 0.384375 0.01484375 0.040625
3 0.9 0.3625 0.01171875 0.02734375
3 0.9140625 0.34296875 0.00625 0.01953125
3 0.89453125 0.3484375 0.00859375 0.025
3 0.665625 0.3265625 0.00703125 0.0171875
3 0.7296875 0.325 0.003125 0.01640625
3 0.78125 0.32578125 0.00703125 0.015625
0 0.60234375 0.32109375 0.0046875 0.0140625
0 0.67265625 0.31640625 0.00390625 0.0140625
0 0.7234375 0.315625 0.0046875 0.0140625
0 0.77265625 0.315625 0.00390625 0.01484375