0 0.15546875 0.584375 0.04765625 0.121875
0 0.33359375 0.42265625 0.01875 0.04765625
0 0.37734375 0.378125 0.009375 0.03125
0 0.40859375 0.3546875 0.009375 0.0234375
0 0.4390625 0.33984375 0.0078125 0.01953125
3 0.7453125 0.53828125 0.06171875 0.11796875
3 0.584375 0.4015625 0.02265625 0.04453125
3 0.53359375 0.365625 0.0125 0.02734375
3 0.51953125 0.34609375 0.01015625 0.02265625
3 0.53359375 0.340625 0.01015625 0.02265625
3 0.92421875 0.41171875 0.01640625 0.0375
3 0.83203125 0.371875 0.0140625 0.02734375
3 0.8140625 0.353125 0.0078125 0.02109375
3 0.81796875 0.34296875 0.00625 0.01640625
0 0.93359375 0.3703125 0.00703125 0.02734375
0 0.9171875 0.36328125 0.0078125 0.0203125
3 0.87734375 0.33984375 0.00390625 0.01328125
3 0.84296875 0.340625 0.00703125 0.01484375
0 0.496875 0.33046875 0.00546875 0.01640625