0 0.0375 0.66328125 0.075 0.196875
0 0.24375 0.484375 0.05390625 0.11328125
0 0.35078125 0.40859375 0.0359375 0.07109375
0 0.4140625 0.371875 0.0203125 0.053125
0 0.403125 0.35234375 0.01640625 0.04296875
0 0.31875 0.34296875 0.01484375 0.0390625
0 0.2390625 0.346875 0.01796875 0.0390625
0 0.1234375 0.34765625 0.01484375 0.034375
3 0.090625 0.33515625 0.0140625 0.0359375
3 0.35625 0.328125 0.01171875 0.03046875
3 0.43515625 0.328125 0.01484375 0.034375
3 0.52734375 0.32890625 0.01328125 0.03203125
3 0.60390625 0.33125 0.01484375 0.04296875
3 0.66328125 0.3375 0.02109375 0.04375
3 0.696875 0.3515625 0.02109375 0.0453125
3 0.72109375 0.3734375 0.02578125 0.0640625
3 0.80859375 0.43515625 0.0484375 0.0921875
1 0.8578125 0.29375 0.01484375 0.04375