3 0.98203125 0.47734375 0.034375 0.09375
3 0.86875 0.42734375 0.03046875 0.0671875
3 0.77421875 0.4109375 0.021875 0.04609375
3 0.68125 0.4 0.01875 0.04296875
3 0.55078125 0.3984375 0.01484375 0.03515625
3 0.39765625 0.390625 0.015625 0.0328125
3 0.265625 0.3984375 0.01953125 0.03671875
3 0.13828125 0.40234375 0.01953125 0.0359375
0 0.1140625 0.41875 0.02109375 0.04296875
0 0.3484375 0.56015625 0.0515625 0.134375
0 0.28515625 0.41484375 0.01640625 0.04375
0 0.41484375 0.41875 0.02109375 0.046875
0 0.52890625 0.46484375 0.0296875 0.07265625
0 0.5421875 0.42890625 0.02421875 0.053125