0 0.40703125 0.57109375 0.03125 0.1109375
0 0.734375 0.49140625 0.0390625 0.09296875
0 0.99375 0.4515625 0.01171875 0.06953125
0 0.91015625 0.37109375 0.009375 0.03203125
0 0.79296875 0.37109375 0.009375 0.0296875
0 0.69453125 0.375 0.00859375 0.03125
0 0.58359375 0.37578125 0.01015625 0.03203125
0 0.465625 0.37734375 0.00859375 0.03203125
0 0.3734375 0.371875 0.0109375 0.03125
0 0.23984375 0.371875 0.01015625 0.03359375
0 0.11171875 0.37421875 0.01015625 0.03203125
3 0.91328125 0.365625 0.0109375 0.03125
3 0.79921875 0.3640625 0.0109375 0.03359375
3 0.71015625 0.3640625 0.009375 0.03359375
3 0.62109375 0.3640625 0.0078125 0.025
3 0.53203125 0.3640625 0.009375 0.028125
3 0.44453125 0.3640625 0.009375 0.0296875
3 0.34765625 0.3625 0.01171875 0.0265625
3 0.259375 0.359375 0.009375 0.028125
3 0.171875 0.3609375 0.01015625 0.028125