3 0.85390625 0.6171875 0.08359375 0.17734375
3 0.40234375 0.49140625 0.046875 0.09921875
3 0.1609375 0.4671875 0.0375 0.08828125
3 0.08125 0.4234375 0.025 0.0671875
3 0.16015625 0.3875 0.0203125 0.04765625
1 0.19375 0.353125 0.00859375 0.053125
1 0.20078125 0.3515625 0.01171875 0.053125
3 0.1875 0.36875 0.01015625 0.028125
1 0.009375 0.36015625 0.01875 0.06015625
3 0.2171875 0.35625 0.0109375 0.03359375
3 0.23984375 0.340625 0.0078125 0.0234375
3 0.246875 0.33125 0.0078125 0.02421875
3 0.259375 0.325 0.00859375 0.021875
3 0.23671875 0.31953125 0.0078125 0.021875
3 0.1984375 0.3234375 0.009375 0.02265625
0 0.04765625 0.36328125 0.01015625 0.03046875