3 0.71640625 0.4515625 0.02421875 0.0703125
3 0.6484375 0.38671875 0.0109375 0.040625
3 0.6265625 0.365625 0.00859375 0.03046875
3 0.6109375 0.3515625 0.00859375 0.02578125
0 0.340625 0.45546875 0.02421875 0.06640625
0 0.42578125 0.39140625 0.0125 0.04140625
0 0.4640625 0.36484375 0.00859375 0.0296875
0 0.48515625 0.35078125 0.00625 0.02109375
3 0.5984375 0.3375 0.00625 0.01953125
3 0.90625 0.4015625 0.01640625 0.05546875
3 0.79609375 0.36640625 0.01328125 0.03828125
3 0.74375 0.35 0.01015625 0.03125
3 0.7203125 0.33671875 0.00703125 0.0265625
3 0.7125 0.334375 0.00625 0.02421875
3 0.69296875 0.32890625 0.0046875 0.01640625
0 0.1359375 0.40703125 0.01015625 0.03984375
0 0.21328125 0.38671875 0.0078125 0.03203125
0 0.26015625 0.36796875 0.0078125 0.028125
3 0.01171875 0.42578125 0.01015625 0.03671875
3 0.084375 0.40546875 0.01015625 0.03515625
3 0.13125 0.3921875 0.01015625 0.03671875
3 0.153125 0.3859375 0.00859375 0.03359375
0 0.26640625 0.36328125 0.0078125 0.02421875
0 0.49921875 0.34296875 0.00703125 0.021875
3 0.58515625 0.33359375 0.00703125 0.021875
0 0.8484375 0.35625 0.00625 0.0265625
0 0.81484375 0.3453125 0.00703125 0.02421875
0 0.91796875 0.371875 0.0078125 0.03046875
0 0.79296875 0.34140625 0.00703125 0.028125