3 0.71875 0.521875 0.046875 0.1125
3 0.60859375 0.4453125 0.03046875 0.071875
3 0.53046875 0.40859375 0.02421875 0.05078125
3 0.4875 0.39375 0.0171875 0.04296875
3 0.43203125 0.384375 0.015625 0.040625
3 0.3359375 0.38359375 0.01484375 0.03046875
3 0.21640625 0.3859375 0.01484375 0.0328125
3 0.06953125 0.3921875 0.0125 0.0375
0 0.21953125 0.43671875 0.0234375 0.06015625
0 0.15234375 0.47265625 0.0328125 0.08046875
0 0.14609375 0.41171875 0.01953125 0.0453125
0 0.025 0.41171875 0.0203125 0.0453125