1 0.9125 0.59453125 0.075 0.26875
1 0.96171875 0.65234375 0.0765625 0.32890625
3 0.9359375 0.65625 0.0625 0.16015625
3 0.34609375 0.3359375 0.0078125 0.0234375
3 0.415625 0.3328125 0.0078125 0.021875
3 0.49765625 0.334375 0.01015625 0.0265625
3 0.56328125 0.33515625 0.0109375 0.0265625
3 0.61171875 0.34140625 0.0109375 0.0296875
3 0.634375 0.3515625 0.0109375 0.03203125
3 0.646875 0.36796875 0.01640625 0.04140625
3 0.690625 0.40625 0.0265625 0.05859375
3 0.7765625 0.50703125 0.04609375 0.103125
0 0.14453125 0.3515625 0.01171875 0.028125
0 0.246875 0.346875 0.01015625 0.028125
0 0.31484375 0.346875 0.00859375 0.028125
0 0.390625 0.35234375 0.0140625 0.03203125
0 0.403125 0.36796875 0.0125 0.03515625
0 0.36015625 0.39140625 0.01796875 0.04765625
0 0.296875 0.43671875 0.02734375 0.06171875
0 0.21484375 0.5109375 0.0453125 0.09140625