1 0.1921875 0.4078125 0.01015625 0.04140625
1 0.2046875 0.409375 0.0109375 0.03671875
1 0.21640625 0.43203125 0.015625 0.06171875
1 0.2328125 0.42734375 0.01953125 0.06328125
0 0.05625 0.5234375 0.01640625 0.04140625
0 0.3359375 0.390625 0.01328125 0.03515625
0 0.434375 0.35859375 0.01015625 0.028125
0 0.65859375 0.346875 0.01484375 0.03203125
0 0.63828125 0.38671875 0.015625 0.04140625
0 0.471875 0.46484375 0.028125 0.07265625
0 0.14140625 0.73046875 0.04765625 0.1328125
3 0.83828125 0.3796875 0.01015625 0.03359375
3 0.8796875 0.43203125 0.01875 0.04296875
3 0.93828125 0.56328125 0.02890625 0.08359375