0 0.0296875 0.91875 0.059375 0.16171875
3 0.8875 0.52890625 0.03125 0.09765625
3 0.63671875 0.41015625 0.02109375 0.05703125
3 0.525 0.37109375 0.01953125 0.04921875
3 0.53828125 0.34296875 0.01328125 0.0375
3 0.6453125 0.33125 0.01328125 0.028125
3 0.7171875 0.325 0.009375 0.0234375
3 0.75859375 0.32109375 0.00859375 0.0140625
3 0.759375 0.30859375 0.00703125 0.0203125
0 0.234375 0.5453125 0.0421875 0.08515625
0 0.2765625 0.42578125 0.0203125 0.04609375
0 0.31328125 0.3828125 0.01328125 0.034375
0 0.2953125 0.34765625 0.0078125 0.01875
0 0.39921875 0.34765625 0.00703125 0.02578125
0 0.3953125 0.32265625 0.0078125 0.02109375
0 0.46484375 0.3296875 0.00859375 0.02578125
0 0.5421875 0.3109375 0.00703125 0.02109375
0 0.6234375 0.30625 0.0078125 0.0203125
3 0.4125 0.3125 0.00625 0.015625
3 0.34140625 0.32734375 0.0078125 0.01875
3 0.2703125 0.3453125 0.00625 0.01796875
1 0.44453125 0.30625 0.00625 0.01953125
1 0.45078125 0.30390625 0.00546875 0.02109375
1 0.46484375 0.309375 0.00703125 0.02265625
1 0.47265625 0.30625 0.00859375 0.0234375
3 0.49140625 0.3015625 0.00625 0.0171875
0 0.515625 0.30390625 0.00625 0.01875
3 0.73984375 0.30078125 0.0046875 0.01875
3 0.709375 0.29609375 0.00546875 0.01484375
0 0.671875 0.303125 0.00703125 0.02109375