0 0.2609375 0.63515625 0.08125 0.16796875
0 0.62578125 0.4984375 0.04296875 0.096875
0 0.8875 0.44765625 0.028125 0.06171875
0 0.9078125 0.371875 0.0109375 0.03203125
0 0.80546875 0.371875 0.01328125 0.028125
0 0.69296875 0.37109375 0.0140625 0.0296875
0 0.6 0.375 0.01171875 0.03203125
0 0.4890625 0.37734375 0.01015625 0.02734375
0 0.36484375 0.3796875 0.01328125 0.03359375
0 0.26796875 0.378125 0.01328125 0.02890625
3 0.14453125 0.36796875 0.00703125 0.02421875
3 0.240625 0.36484375 0.0109375 0.0265625
3 0.34609375 0.36484375 0.01171875 0.0265625
3 0.4375 0.36484375 0.0125 0.0265625
3 0.5296875 0.36328125 0.00859375 0.01875
3 0.61484375 0.36171875 0.01015625 0.025
3 0.7015625 0.359375 0.0078125 0.0234375
3 0.915625 0.3625 0.0078125 0.028125
3 0.809375 0.36015625 0.009375 0.02578125