0 0.0125 0.4015625 0.0140625 0.03515625
3 0.08125 0.3875 0.009375 0.025
0 0.09921875 0.39296875 0.0140625 0.0328125
0 0.15078125 0.3921875 0.01171875 0.0296875
0 0.12734375 0.4515625 0.0296875 0.065625
0 0.0375 0.5 0.04296875 0.0859375
0 0.16875 0.403125 0.0140625 0.0359375
0 0.1765625 0.42421875 0.02109375 0.04609375
3 0.14453125 0.3796875 0.00859375 0.02578125
3 0.21484375 0.37421875 0.0125 0.02734375
3 0.28828125 0.3734375 0.01484375 0.0296875
3 0.33984375 0.37578125 0.01484375 0.034375
3 0.375 0.38125 0.01484375 0.03515625
3 0.41953125 0.39140625 0.01875 0.0421875
3 0.459375 0.4109375 0.01875 0.05078125
3 0.49296875 0.43359375 0.02734375 0.06640625
3 0.5640625 0.47578125 0.040625 0.090625
3 0.7078125 0.5625 0.06015625 0.1421875