3 0.75859375 0.4875 0.0328125 0.08046875
3 0.4109375 0.35546875 0.0078125 0.0203125
3 0.465625 0.35390625 0.00625 0.0234375
3 0.53125 0.35546875 0.0078125 0.021875
3 0.5828125 0.35625 0.00859375 0.021875
3 0.61796875 0.3609375 0.00859375 0.0234375
3 0.6546875 0.39375 0.01328125 0.03671875
3 0.63203125 0.3671875 0.00859375 0.025
3 0.67421875 0.42734375 0.01875 0.04921875
3 0.6375 0.3765625 0.01015625 0.028125
0 0.26015625 0.3640625 0.0109375 0.0203125
0 0.3421875 0.3640625 0.0078125 0.025
0 0.39609375 0.365625 0.00859375 0.021875
0 0.45546875 0.36875 0.009375 0.025
0 0.46796875 0.37734375 0.0125 0.0234375
0 0.4484375 0.3890625 0.01015625 0.028125
0 0.421875 0.4078125 0.0125 0.03828125
0 0.39921875 0.4328125 0.01875 0.04453125
0 0.34921875 0.4578125 0.015625 0.05859375
0 0.2609375 0.50390625 0.03515625 0.08828125
1 0.696875 0.43515625 0.02734375 0.0953125
1 0.33671875 0.4390625 0.02578125 0.1
1 0.353125 0.4390625 0.0296875 0.09140625