0 0.221875 0.51484375 0.04453125 0.09921875
0 0.434375 0.3953125 0.028125 0.0546875
0 0.49375 0.3640625 0.0125 0.03671875
0 0.52578125 0.34921875 0.0109375 0.03515625
0 0.24765625 0.365625 0.0109375 0.0234375
0 0.3109375 0.3578125 0.0078125 0.0234375
0 0.13515625 0.39609375 0.0125 0.03046875
0 0.0484375 0.40390625 0.0109375 0.028125
0 0.54375 0.34296875 0.00703125 0.01953125
0 0.34609375 0.34609375 0.00546875 0.0203125
3 0.78125 0.54921875 0.0515625 0.128125
3 0.70234375 0.4046875 0.01796875 0.05625
3 0.67421875 0.3703125 0.0140625 0.03984375
3 0.6640625 0.3546875 0.00703125 0.028125
3 0.65546875 0.34296875 0.0078125 0.02109375
3 0.64921875 0.3328125 0.00703125 0.01640625
3 0.89921875 0.39296875 0.01328125 0.0296875
3 0.81796875 0.3640625 0.01015625 0.028125
3 0.778125 0.34609375 0.00546875 0.0171875
3 0.75703125 0.3328125 0.00546875 0.01796875
3 0.76328125 0.3390625 0.00546875 0.01484375
3 0.196875 0.36796875 0.00703125 0.021875