0 0.30703125 0.4609375 0.03828125 0.075
0 0.4171875 0.37421875 0.01796875 0.04296875
0 0.46953125 0.3484375 0.0140625 0.0359375
0 0.55625 0.33515625 0.01015625 0.03203125
0 0.63515625 0.32890625 0.0078125 0.01796875
0 0.71796875 0.325 0.0078125 0.01953125
0 0.7765625 0.328125 0.00546875 0.0171875
3 0.68671875 0.4421875 0.034375 0.07890625
3 0.609375 0.371875 0.01640625 0.04296875
3 0.6234375 0.35390625 0.0125 0.03515625
3 0.66015625 0.3453125 0.01171875 0.03203125
3 0.72421875 0.34453125 0.009375 0.025
3 0.79609375 0.34375 0.009375 0.0234375
3 0.85 0.34375 0.00859375 0.01796875