0 0.22734375 0.62265625 0.05078125 0.11328125
0 0.0375 0.57421875 0.01640625 0.06015625
0 0.28046875 0.39921875 0.01484375 0.04140625
0 0.3890625 0.39375 0.02109375 0.04765625
3 0.11640625 0.4578125 0.01015625 0.0359375
3 0.20703125 0.39765625 0.01171875 0.02890625
3 0.80234375 0.50546875 0.0421875 0.09609375
3 0.28359375 0.35390625 0.01015625 0.021875
3 0.66171875 0.3515625 0.015625 0.03515625
3 0.65859375 0.32265625 0.0125 0.02734375
3 0.6375 0.30625 0.00859375 0.01875
3 0.33828125 0.33125 0.0078125 0.021875
0 0.35390625 0.34765625 0.0109375 0.025
0 0.4640625 0.34140625 0.0109375 0.02734375
0 0.5109375 0.31640625 0.00703125 0.0234375
0 0.5421875 0.30234375 0.00703125 0.01953125
0 0.45703125 0.30703125 0.00703125 0.01640625
0 0.40078125 0.321875 0.0078125 0.01953125