3 0.7390625 0.49453125 0.05625 0.1171875
3 0.59921875 0.42578125 0.03359375 0.071875
3 0.528125 0.39921875 0.0265625 0.05703125
3 0.44296875 0.38046875 0.02109375 0.04453125
3 0.340625 0.375 0.0140625 0.0421875
3 0.246875 0.37734375 0.01640625 0.0375
3 0.1578125 0.38203125 0.015625 0.0359375
3 0.03125 0.390625 0.0140625 0.040625
0 0.1390625 0.4734375 0.03515625 0.08515625
0 0.17734375 0.4203125 0.0265625 0.0578125
0 0.13046875 0.40859375 0.02109375 0.0453125
0 0.0078125 0.40859375 0.015625 0.05234375