0 0.190625 0.5546875 0.0515625 0.12578125
0 0.23359375 0.46640625 0.034375 0.071875
0 0.10078125 0.44609375 0.028125 0.06796875
3 0.21953125 0.4 0.02109375 0.0453125
3 0.34375 0.3953125 0.01953125 0.05
3 0.81796875 0.46171875 0.04296875 0.084375
3 0.715625 0.421875 0.028125 0.05859375
3 0.60546875 0.403125 0.02265625 0.04765625
3 0.48203125 0.39609375 0.01953125 0.04375
3 0.74765625 0.31640625 0.01171875 0.0359375
3 0.76875 0.32265625 0.0109375 0.021875
3 0.7828125 0.32109375 0.00703125 0.02109375
1 0.896875 0.33828125 0.015625 0.04765625
3 0.975 0.35625 0.0125 0.02890625
3 0.9890625 0.34296875 0.01171875 0.025
3 0.96171875 0.35 0.0125 0.0265625
3 0.94921875 0.34765625 0.009375 0.025
3 0.90625 0.325 0.01015625 0.02421875