0 0.12890625 0.403125 0.01875 0.04609375
0 0.23359375 0.40625 0.01953125 0.04765625
0 0.35 0.41953125 0.02265625 0.05703125
0 0.346875 0.46171875 0.03046875 0.07734375
0 0.1484375 0.6 0.06875 0.15859375
3 0.3078125 0.3765625 0.01484375 0.03671875
3 0.41171875 0.37578125 0.01171875 0.03515625
3 0.53046875 0.37734375 0.0125 0.03515625
3 0.6328125 0.38125 0.01484375 0.04296875
3 0.721875 0.39453125 0.0171875 0.04765625
3 0.78984375 0.4203125 0.02578125 0.06328125
3 0.88515625 0.47734375 0.04765625 0.096875