0 0.028125 0.671875 0.05625 0.190625
0 0.28125 0.47421875 0.053125 0.1078125
0 0.2859375 0.365625 0.01953125 0.0515625
0 0.19140625 0.36484375 0.0203125 0.04765625
0 0.0515625 0.365625 0.01953125 0.0453125
0 0.39375 0.40390625 0.03046875 0.06640625
0 0.3859375 0.371875 0.01953125 0.05625
1 0.89921875 0.30078125 0.0140625 0.04765625
3 0.809375 0.41015625 0.03671875 0.07890625
3 0.75625 0.3734375 0.02578125 0.065625
3 0.96015625 0.31328125 0.0078125 0.0265625
3 0.9546875 0.31015625 0.0078125 0.0234375
3 0.9453125 0.31015625 0.00703125 0.02109375
3 0.98359375 0.3078125 0.009375 0.0203125
3 0.98828125 0.56171875 0.02265625 0.08828125
3 0.63046875 0.34609375 0.01796875 0.040625
3 0.7046875 0.35703125 0.02109375 0.046875
3 0.540625 0.340625 0.01796875 0.04140625
3 0.4328125 0.33984375 0.015625 0.03671875
3 0.3421875 0.34296875 0.01484375 0.034375
3 0.1734375 0.346875 0.0140625 0.0359375
3 0.0296875 0.35078125 0.0140625 0.03359375
3 0.7671875 0.27890625 0.0078125 0.01640625
3 0.7859375 0.2875 0.00703125 0.015625
3 0.79765625 0.28359375 0.00703125 0.01484375