0 0.28828125 0.51015625 0.0515625 0.1140625
0 0.51015625 0.440625 0.03359375 0.07421875
0 0.40078125 0.3703125 0.01484375 0.04140625
0 0.7 0.4046875 0.02265625 0.065625
0 0.92421875 0.37421875 0.0203125 0.05546875
0 0.69140625 0.340625 0.0125 0.03046875
0 0.60859375 0.3453125 0.0140625 0.0359375
0 0.5390625 0.35234375 0.01484375 0.03828125
0 0.728125 0.33515625 0.009375 0.025
0 0.73515625 0.328125 0.00703125 0.028125
0 0.7265625 0.31640625 0.00625 0.02265625
0 0.765625 0.31328125 0.00859375 0.02265625
0 0.8390625 0.3078125 0.00859375 0.0234375
0 0.23984375 0.39453125 0.01328125 0.04296875
0 0.02734375 0.42734375 0.02109375 0.0546875
3 0.0234375 0.39375 0.0203125 0.0390625
3 0.178125 0.37421875 0.01640625 0.04140625
3 0.29140625 0.36171875 0.01484375 0.0328125
3 0.45625 0.340625 0.01328125 0.03046875
3 0.56484375 0.33515625 0.01015625 0.025
3 0.5984375 0.32890625 0.00859375 0.02421875
3 0.61953125 0.3203125 0.00859375 0.01875
3 0.64296875 0.31484375 0.0078125 0.0203125
3 0.67578125 0.31171875 0.0078125 0.01875
3 0.73359375 0.30546875 0.00703125 0.0203125
3 0.80703125 0.30390625 0.00625 0.01875
3 0.884375 0.303125 0.00625 0.02265625
3 0.95546875 0.3015625 0.0078125 0.0234375
0 0.9328125 0.31015625 0.01015625 0.0234375
1 0.26015625 0.37578125 0.021875 0.075
1 0.221875 0.38046875 0.021875 0.07265625
1 0.19375 0.36484375 0.015625 0.059375
1 0.16171875 0.36484375 0.01796875 0.0578125