3 0.69609375 0.3203125 0.0078125 0.0203125
3 0.68515625 0.32578125 0.00703125 0.021875
3 0.675 0.33671875 0.0078125 0.021875
3 0.6515625 0.35234375 0.009375 0.0296875
3 0.0265625 0.359375 0.00703125 0.025
3 0.040625 0.3703125 0.00859375 0.028125
3 0.053125 0.3625 0.0078125 0.025
3 0.621875 0.36875 0.0125 0.03828125
3 0.5890625 0.39375 0.0203125 0.05234375
3 0.4984375 0.44140625 0.0328125 0.07734375
3 0.578125 0.5359375 0.05 0.140625
0 0.540625 0.334375 0.00703125 0.0203125
0 0.51484375 0.34453125 0.0078125 0.0234375
0 0.4921875 0.35703125 0.0078125 0.025
0 0.45078125 0.365625 0.0125 0.03125
0 0.40234375 0.375 0.0109375 0.03125
0 0.3125 0.38515625 0.01796875 0.04453125
0 0.2390625 0.396875 0.0234375 0.04921875
0 0.1015625 0.43203125 0.0328125 0.06171875
0 0.18984375 0.365625 0.0140625 0.03125
1 0.634375 0.35078125 0.0140625 0.04921875
1 0.4546875 0.3546875 0.01484375 0.04765625
1 0.62734375 0.353125 0.01328125 0.05234375
1 0.44453125 0.3546875 0.0140625 0.05234375