0 0.11171875 0.57265625 0.0734375 0.13828125
0 0.33046875 0.48125 0.0390625 0.084375
0 0.45234375 0.42421875 0.02265625 0.04765625
0 0.47265625 0.39921875 0.01484375 0.04453125
0 0.496875 0.3828125 0.0125 0.0328125
0 0.51640625 0.371875 0.01015625 0.02734375
0 0.5046875 0.365625 0.00859375 0.02734375
0 0.446875 0.359375 0.00859375 0.02265625
0 0.3953125 0.35703125 0.0109375 0.021875
1 0.39375 0.428125 0.03203125 0.10234375
1 0.41171875 0.4265625 0.025 0.08828125
0 0.409375 0.4453125 0.0140625 0.059375
1 0.73671875 0.4296875 0.02578125 0.09609375
1 0.7296875 0.42890625 0.021875 0.09453125
3 0.78828125 0.475 0.03515625 0.084375
3 0.7125 0.4234375 0.0203125 0.046875
3 0.69921875 0.38984375 0.015625 0.0375
3 0.68046875 0.371875 0.01328125 0.0296875
3 0.678125 0.365625 0.01171875 0.0265625
3 0.66328125 0.359375 0.0109375 0.02578125
3 0.62734375 0.35390625 0.00859375 0.02109375
3 0.57734375 0.353125 0.0078125 0.02109375
3 0.51328125 0.35390625 0.00703125 0.02109375
3 0.46015625 0.35234375 0.009375 0.02421875