3 0.9109375 0.4984375 0.0484375 0.10859375
3 0.87421875 0.42578125 0.03203125 0.08046875
3 0.95859375 0.3828125 0.0296875 0.0609375
0 0.21171875 0.58125 0.06015625 0.13359375
0 0.334375 0.4640625 0.03203125 0.078125
0 0.4640625 0.4171875 0.0265625 0.05859375
0 0.58671875 0.38828125 0.021875 0.053125
0 0.7140625 0.36640625 0.01953125 0.04921875
0 0.89140625 0.34609375 0.0171875 0.03828125
0 0.4984375 0.35234375 0.01171875 0.03203125
0 0.6046875 0.33828125 0.009375 0.03203125
0 0.6625 0.3296875 0.0109375 0.0296875
0 0.73359375 0.32265625 0.009375 0.03125
0 0.76875 0.3203125 0.009375 0.0296875
0 0.3875 0.36875 0.0109375 0.03671875
0 0.25234375 0.38828125 0.0140625 0.03984375
1 0.403125 0.35546875 0.01484375 0.05390625
1 0.37421875 0.359375 0.01484375 0.05234375
1 0.34296875 0.34921875 0.01171875 0.04609375
3 0.3203125 0.35 0.01328125 0.04296875
3 0.41328125 0.3484375 0.0109375 0.0265625
3 0.33203125 0.35859375 0.01171875 0.03203125
3 0.22734375 0.371875 0.0125 0.03359375
3 0.02578125 0.3875 0.0140625 0.03359375
0 0.10859375 0.3984375 0.0171875 0.04140625
3 0.53828125 0.3328125 0.0109375 0.0265625