1 0.58203125 0.34453125 0.0125 0.0515625
1 0.57421875 0.34453125 0.0109375 0.05390625
3 0.5671875 0.36328125 0.0140625 0.0390625
3 0.596875 0.3484375 0.0125 0.03359375
1 0.396875 0.34921875 0.0125 0.05546875
1 0.409375 0.3484375 0.0125 0.0421875
0 0.403125 0.36015625 0.0046875 0.03046875
0 0.35390625 0.36875 0.0140625 0.0375
0 0.38203125 0.3203125 0.00625 0.01484375
0 0.44296875 0.3515625 0.01015625 0.03046875
0 0.4359375 0.31796875 0.0078125 0.0203125
0 0.4640625 0.3421875 0.01015625 0.0265625
0 0.471875 0.31953125 0.00703125 0.015625
0 0.490625 0.33125 0.009375 0.0234375
3 0.490625 0.309375 0.00703125 0.01796875
0 0.5140625 0.325 0.00546875 0.01640625
0 0.51171875 0.3203125 0.0046875 0.01796875
3 0.53125 0.309375 0.00546875 0.01640625
3 0.5359375 0.3875 0.021875 0.0546875
3 0.58125 0.309375 0.00703125 0.015625
3 0.6171875 0.309375 0.00625 0.0203125
3 0.6203125 0.33125 0.009375 0.02734375
3 0.6296875 0.321875 0.009375 0.02421875
3 0.63984375 0.3140625 0.009375 0.0234375
3 0.44765625 0.43046875 0.03203125 0.08125
3 0.52734375 0.49765625 0.0375 0.1
0 0.26796875 0.37890625 0.01875 0.05234375
0 0.196875 0.39375 0.025 0.05546875
0 0.1703125 0.35625 0.01484375 0.02734375
0 0.05859375 0.43125 0.03046875 0.06953125
0 0.1390625 0.3625 0.0109375 0.02890625
0 0.1328125 0.34609375 0.00703125 0.02734375
0 0.0609375 0.37265625 0.0125 0.0359375
3 0.35234375 0.3140625 0.00703125 0.01796875
3 0.415625 0.31484375 0.0078125 0.01953125
3 0.94140625 0.2921875 0.00546875 0.015625
3 0.9515625 0.2953125 0.00625 0.01640625
3 0.96015625 0.29921875 0.00625 0.015625
3 0.89921875 0.6125 0.096875 0.19921875