0 0.10234375 0.88984375 0.075 0.20703125
0 0.0828125 0.52578125 0.02109375 0.059375
0 0.48359375 0.46875 0.034375 0.08359375
0 0.5203125 0.375 0.01640625 0.04765625
0 0.43515625 0.36484375 0.01328125 0.028125
0 0.353125 0.3796875 0.0140625 0.0359375
0 0.2234375 0.44296875 0.01640625 0.03671875
3 0.06328125 0.49609375 0.01328125 0.034375
3 0.178125 0.4296875 0.01328125 0.03359375
3 0.25859375 0.3875 0.01015625 0.02578125
3 0.3359375 0.35546875 0.009375 0.02421875
3 0.4125 0.3375 0.009375 0.02578125
3 0.48828125 0.33125 0.0125 0.0234375
3 0.5703125 0.328125 0.01171875 0.034375
3 0.6578125 0.34375 0.01328125 0.03671875
3 0.7609375 0.37890625 0.01796875 0.0453125
3 0.865625 0.47578125 0.02890625 0.06953125