0 0.1390625 0.66875 0.0875 0.18984375
0 0.45859375 0.47890625 0.040625 0.08671875
0 0.5859375 0.42734375 0.02578125 0.059375
0 0.6 0.40390625 0.0203125 0.04140625
0 0.49140625 0.390625 0.01484375 0.040625
0 0.3796875 0.3859375 0.01484375 0.040625
0 0.23359375 0.384375 0.01796875 0.0375
0 0.0875 0.39375 0.0171875 0.04296875
3 0.10390625 0.37578125 0.0140625 0.03515625
3 0.24453125 0.3734375 0.01328125 0.034375
3 0.35546875 0.371875 0.0125 0.028125
3 0.4734375 0.3734375 0.01171875 0.034375
3 0.60859375 0.375 0.01484375 0.03203125
3 0.7296875 0.38203125 0.01640625 0.03515625
3 0.81328125 0.39140625 0.015625 0.04140625
3 0.8890625 0.40859375 0.02265625 0.053125
3 0.965625 0.44140625 0.0328125 0.0734375