0 0.1015625 0.62734375 0.0625 0.1515625
0 0.41328125 0.42109375 0.02109375 0.05859375
0 0.48046875 0.38984375 0.01640625 0.04140625
0 0.51875 0.3640625 0.0109375 0.03125
0 0.51328125 0.34765625 0.00859375 0.0234375
3 0.82109375 0.59296875 0.05546875 0.14375
3 0.740625 0.4421875 0.028125 0.07421875
3 0.7015625 0.3921875 0.0171875 0.04296875
3 0.67890625 0.36171875 0.0109375 0.0296875
3 0.64609375 0.34609375 0.009375 0.0203125
3 0.840625 0.365625 0.01015625 0.025
3 0.90234375 0.38671875 0.0125 0.03203125
3 0.79375 0.353125 0.0078125 0.01796875
3 0.61015625 0.33828125 0.00625 0.0171875
3 0.56171875 0.334375 0.0046875 0.015625
3 0.53125 0.33203125 0.00703125 0.01640625
0 0.49140625 0.34375 0.00625 0.01796875
0 0.94296875 0.37109375 0.0078125 0.025
0 0.896875 0.35703125 0.00625 0.0171875
0 0.88046875 0.35234375 0.00625 0.01796875
3 0.77109375 0.3421875 0.0046875 0.0171875