0 0.20546875 0.58046875 0.0578125 0.13359375
0 0.3703125 0.41484375 0.02421875 0.0546875
0 0.428125 0.36328125 0.01328125 0.03828125
0 0.47109375 0.34765625 0.009375 0.0265625
0 0.54453125 0.32890625 0.01328125 0.02734375
0 0.61640625 0.32265625 0.01015625 0.0234375
3 0.78828125 0.52265625 0.0546875 0.12578125
3 0.61875 0.39609375 0.0203125 0.05078125
3 0.58125 0.359375 0.01171875 0.0359375
3 0.596875 0.34296875 0.01171875 0.0328125
3 0.62890625 0.3375 0.01171875 0.03046875
3 0.68828125 0.33203125 0.00859375 0.025
3 0.96328125 0.3890625 0.0109375 0.0359375
3 0.94296875 0.3703125 0.00703125 0.02421875
3 0.9546875 0.3625 0.00703125 0.02421875
3 0.7578125 0.33125 0.00625 0.028125