0 0.221875 0.6109375 0.05234375 0.15
0 0.42890625 0.4109375 0.02109375 0.0578125
0 0.50703125 0.371875 0.0140625 0.034375
0 0.578125 0.353125 0.00859375 0.028125
0 0.65390625 0.34453125 0.00859375 0.02265625
0 0.6921875 0.33984375 0.00703125 0.02109375
3 0.93515625 0.60078125 0.05078125 0.1484375
3 0.72109375 0.415625 0.01875 0.05390625
3 0.70234375 0.37890625 0.015625 0.03828125
3 0.7234375 0.3609375 0.0109375 0.03046875
3 0.76484375 0.35390625 0.009375 0.021875
3 0.98046875 0.3765625 0.01015625 0.02265625
3 0.9421875 0.3609375 0.00703125 0.01640625
3 0.79296875 0.3484375 0.00703125 0.021875