3 0.49140625 0.49296875 0.0390625 0.08984375
3 0.40546875 0.45234375 0.02265625 0.0703125
3 0.34921875 0.428125 0.01796875 0.0625
3 0.31796875 0.41328125 0.01328125 0.04609375
3 0.278125 0.40078125 0.0171875 0.03984375
3 0.23359375 0.3921875 0.01484375 0.03203125
3 0.69453125 0.59609375 0.0453125 0.16796875
3 0.1984375 0.390625 0.01328125 0.028125
3 0.14453125 0.38828125 0.01015625 0.02734375
0 0.01171875 0.45546875 0.0203125 0.0515625
0 0.04765625 0.43359375 0.01484375 0.0453125
0 0.0328125 0.41796875 0.0109375 0.0359375
0 0.00703125 0.41015625 0.01171875 0.0265625
3 0.0671875 0.3953125 0.01171875 0.03671875