0 0.1234375 0.70546875 0.0546875 0.1921875
0 0.3546875 0.38125 0.02421875 0.0625
0 0.28984375 0.3359375 0.01328125 0.03359375
0 0.27265625 0.31015625 0.01015625 0.02578125
0 0.33359375 0.28359375 0.00703125 0.0203125
3 0.71328125 0.3328125 0.0203125 0.05390625
3 0.6375 0.30625 0.01640625 0.03984375
3 0.496875 0.28828125 0.009375 0.02734375
3 0.46484375 0.278125 0.0109375 0.02578125
3 0.4640625 0.265625 0.00859375 0.02578125
3 0.53203125 0.25703125 0.0078125 0.0203125
3 0.6734375 0.259375 0.00625 0.01875
3 0.59765625 0.25234375 0.00625 0.01875