0 0.38203125 0.40625 0.02109375 0.06796875
3 0.88359375 0.49609375 0.03671875 0.10859375
3 0.70625 0.33359375 0.015625 0.03984375
3 0.55390625 0.28515625 0.00625 0.0234375
3 0.43203125 0.278125 0.00625 0.01796875
3 0.30859375 0.29453125 0.00703125 0.021875
3 0.1875 0.3171875 0.00703125 0.01796875
3 0.10546875 0.3421875 0.0078125 0.01796875
0 0.4203125 0.33203125 0.01328125 0.04140625
0 0.3671875 0.3078125 0.009375 0.03203125
0 0.24296875 0.3203125 0.0109375 0.0265625
0 0.12109375 0.353125 0.01015625 0.028125
0 0.0296875 0.38515625 0.01015625 0.028125