0 0.31640625 0.5203125 0.04609375 0.11015625
0 0.33828125 0.41796875 0.02265625 0.0578125
0 0.3078125 0.39453125 0.01328125 0.04453125
0 0.26484375 0.39296875 0.0125 0.0421875
0 0.2328125 0.36953125 0.0078125 0.01953125
0 0.21015625 0.378125 0.00625 0.02578125
0 0.21875 0.3875 0.0109375 0.03046875
3 0.3890625 0.359375 0.00625 0.021875
3 0.3921875 0.35 0.00703125 0.02265625
3 0.4390625 0.359375 0.0109375 0.03203125
3 0.45859375 0.34140625 0.00703125 0.01875
3 0.515625 0.3359375 0.00625 0.01875
3 0.521875 0.365625 0.01640625 0.0375
3 0.55234375 0.33203125 0.00546875 0.01953125
3 0.61328125 0.39140625 0.01953125 0.0515625
3 0.75546875 0.45859375 0.03125 0.08125
3 0.7984375 0.33359375 0.00703125 0.021875
3 0.7703125 0.33671875 0.00859375 0.02265625
3 0.775 0.3640625 0.01171875 0.028125
3 0.74921875 0.346875 0.01171875 0.02890625
3 0.8328125 0.33203125 0.0078125 0.01953125
3 0.84609375 0.38671875 0.01484375 0.0375
3 0.8890625 0.33046875 0.0046875 0.01328125
0 0.9109375 0.34453125 0.00703125 0.01640625
0 0.909375 0.36640625 0.00703125 0.0265625
0 0.89609375 0.346875 0.00703125 0.01953125
0 0.884375 0.3515625 0.00625 0.02265625
3 0.74140625 0.3171875 0.00625 0.0171875
3 0.78046875 0.3171875 0.00390625 0.01328125
0 0.39921875 0.3390625 0.00546875 0.01796875