0 0.19140625 0.61171875 0.040625 0.11015625
0 0.43515625 0.3921875 0.0171875 0.05078125
0 0.5109375 0.33671875 0.0109375 0.03828125
3 0.7265625 0.46015625 0.02890625 0.071875
3 0.67890625 0.36015625 0.0125 0.03515625
3 0.69296875 0.3296875 0.00859375 0.0171875
0 0.5671875 0.3171875 0.00859375 0.021875
0 0.60703125 0.30703125 0.0046875 0.015625
0 0.475 0.31875 0.00546875 0.01484375
0 0.390625 0.3375 0.00625 0.015625
0 0.53203125 0.30625 0.00703125 0.01796875
0 0.62265625 0.3015625 0.00390625 0.0140625
3 0.39921875 0.32734375 0.00546875 0.0140625
3 0.45859375 0.3125 0.00546875 0.0125
3 0.50078125 0.303125 0.00546875 0.0140625
3 0.70234375 0.315625 0.0078125 0.01796875