0 0.05 0.8078125 0.09375 0.24921875
0 0.58203125 0.51640625 0.04921875 0.1171875
0 0.85625 0.4609375 0.03671875 0.08359375
0 0.9640625 0.36875 0.01328125 0.0296875
0 0.86015625 0.36796875 0.0125 0.02734375
0 0.746875 0.365625 0.0140625 0.03125
0 0.63203125 0.3671875 0.0109375 0.0265625
0 0.5484375 0.3625 0.009375 0.02890625
0 0.43125 0.359375 0.009375 0.02421875
0 0.32578125 0.3578125 0.01015625 0.0234375
0 0.18125 0.4 0.015625 0.0421875
0 0.1125 0.4140625 0.021875 0.05546875
0 0.2328125 0.36015625 0.009375 0.025
0 0.1921875 0.39296875 0.01328125 0.040625
0 0.1890625 0.378125 0.01328125 0.03671875
0 0.17734375 0.36796875 0.01015625 0.02890625
3 0.0046875 0.3703125 0.009375 0.034375
3 0.10234375 0.35703125 0.0109375 0.02890625
3 0.1859375 0.3515625 0.0078125 0.025
3 0.3703125 0.3484375 0.0109375 0.0265625
3 0.4453125 0.35078125 0.01015625 0.0265625
3 0.521875 0.35390625 0.01171875 0.0265625
3 0.61171875 0.35625 0.009375 0.025
3 0.69609375 0.35546875 0.009375 0.028125
3 0.7859375 0.35859375 0.0109375 0.028125
3 0.878125 0.3578125 0.01171875 0.02734375
3 0.97578125 0.359375 0.009375 0.0265625
3 0.28125 0.34765625 0.0078125 0.0234375