0 0.103125 0.4796875 0.040625 0.07578125
0 0.0328125 0.4046875 0.01484375 0.0375
0 0.125 0.39921875 0.01484375 0.034375
0 0.18203125 0.44375 0.02734375 0.0578125
0 0.190625 0.41171875 0.01953125 0.04609375
0 0.1734375 0.396875 0.01640625 0.0359375
3 0.18125 0.38203125 0.01171875 0.03203125
3 0.1140625 0.38828125 0.0109375 0.03046875
3 0.0203125 0.3984375 0.009375 0.0375
3 0.253125 0.37734375 0.01328125 0.0328125
3 0.32890625 0.375 0.0125 0.0359375
3 0.38359375 0.378125 0.0140625 0.03828125
3 0.41875 0.3859375 0.0203125 0.040625
3 0.465625 0.40234375 0.0203125 0.053125
3 0.5140625 0.42578125 0.0328125 0.06171875
3 0.55625 0.46484375 0.03828125 0.08671875
3 0.665625 0.5609375 0.0640625 0.1828125
3 0.99140625 0.70546875 0.0171875 0.1015625