0 0.1359375 0.653125 0.071875 0.15390625
0 0.39296875 0.403125 0.025 0.05
0 0.4671875 0.3640625 0.0109375 0.03125
0 0.56953125 0.340625 0.0140625 0.02890625
0 0.6625 0.33359375 0.0125 0.025
0 0.7515625 0.33203125 0.0109375 0.025
3 0.87734375 0.61171875 0.06796875 0.1625
3 0.65390625 0.40546875 0.02109375 0.0546875
3 0.6640625 0.37421875 0.01640625 0.0375
3 0.70078125 0.3578125 0.01328125 0.0375
3 0.771875 0.3546875 0.0125 0.03125
3 0.84375 0.353125 0.009375 0.025
3 0.89609375 0.353125 0.00703125 0.0234375
0 0.809375 0.33515625 0.00625 0.01484375