3 0.053125 0.38671875 0.0125 0.03203125
3 0.17109375 0.37734375 0.01328125 0.03515625
3 0.2515625 0.371875 0.01171875 0.03359375
3 0.33984375 0.36875 0.01171875 0.03828125
3 0.4328125 0.37421875 0.015625 0.03828125
3 0.50625 0.38671875 0.01640625 0.04765625
3 0.56484375 0.40625 0.02421875 0.05859375
3 0.65859375 0.45 0.034375 0.08203125
3 0.834375 0.5703125 0.059375 0.140625
0 0.03984375 0.39921875 0.015625 0.04453125
0 0.15625 0.3953125 0.0171875 0.04453125
0 0.20859375 0.40625 0.02265625 0.05234375
0 0.190625 0.43984375 0.0296875 0.07109375
0 0.0921875 0.5375 0.0484375 0.115625