1 0.2578125 0.4640625 0.0390625 0.1265625
1 0.28203125 0.45625 0.028125 0.1203125
0 0.275 0.48515625 0.02109375 0.07421875
0 0.146875 0.559375 0.059375 0.1265625
1 0.678125 0.45 0.03203125 0.1265625
1 0.66796875 0.44609375 0.02890625 0.10859375
3 0.75390625 0.5171875 0.0515625 0.11328125
3 0.64765625 0.43671875 0.021875 0.0625
3 0.625 0.3984375 0.01796875 0.04453125
3 0.60390625 0.37734375 0.01328125 0.03046875
3 0.5984375 0.36796875 0.0109375 0.028125
3 0.58203125 0.36328125 0.01171875 0.02578125
3 0.546875 0.35859375 0.0109375 0.02421875
3 0.49140625 0.35703125 0.00859375 0.02109375
3 0.4234375 0.35625 0.00859375 0.02265625
3 0.36484375 0.35859375 0.009375 0.02421875
0 0.34765625 0.3671875 0.01015625 0.0265625
0 0.409375 0.36953125 0.01171875 0.02734375
0 0.4234375 0.38125 0.0109375 0.0296875
0 0.40078125 0.39453125 0.015625 0.0359375
0 0.3703125 0.4171875 0.021875 0.0453125
0 0.34296875 0.4484375 0.02578125 0.0546875
0 0.2890625 0.3703125 0.0109375 0.02578125
0 0.2046875 0.37265625 0.0109375 0.025
3 0.2546875 0.3625 0.009375 0.021875
1 0.74453125 0.328125 0.0078125 0.03125