0 0.13046875 0.57734375 0.05625 0.12109375
0 0.3609375 0.41796875 0.02734375 0.0609375
0 0.5328125 0.37421875 0.0203125 0.040625
0 0.6546875 0.35625 0.0125 0.0375
0 0.75859375 0.3484375 0.01171875 0.028125
3 0.80546875 0.603125 0.059375 0.1640625
3 0.72421875 0.459375 0.0359375 0.0765625
3 0.75078125 0.4078125 0.021875 0.059375
3 0.82109375 0.390625 0.02109375 0.04453125
3 0.88828125 0.37890625 0.01640625 0.0390625
3 0.9296875 0.378125 0.01015625 0.03046875
0 0.8203125 0.34921875 0.01015625 0.02109375