3 0.03984375 0.38984375 0.01171875 0.03359375
0 0.05078125 0.4 0.01328125 0.03671875
3 0.1359375 0.38203125 0.0109375 0.03125
0 0.1453125 0.39140625 0.01484375 0.0359375
0 0.10078125 0.48203125 0.03671875 0.090625
0 0.1921875 0.44453125 0.02421875 0.06328125
0 0.2046875 0.41328125 0.01796875 0.04765625
0 0.190625 0.39296875 0.01484375 0.04609375
3 0.20390625 0.375 0.01796875 0.03671875
3 0.3515625 0.3703125 0.01640625 0.03359375
3 0.40625 0.3765625 0.0203125 0.03984375
3 0.4421875 0.384375 0.01875 0.04453125
3 0.4921875 0.3984375 0.0203125 0.05546875
3 0.54140625 0.42890625 0.03046875 0.0671875
3 0.5890625 0.47734375 0.03828125 0.084375
3 0.7265625 0.5859375 0.065625 0.16015625
3 0.27578125 0.36953125 0.0140625 0.03515625