0 0.3125 0.5125 0.03203125 0.0921875
0 0.40078125 0.41015625 0.01640625 0.04765625
0 0.39375 0.3765625 0.01015625 0.03359375
0 0.36328125 0.365625 0.00703125 0.028125
3 0.771875 0.47734375 0.03359375 0.09140625
3 0.6515625 0.38828125 0.0125 0.04375
3 0.58203125 0.36015625 0.0125 0.0375
3 0.52265625 0.3453125 0.01015625 0.0265625
0 0.32734375 0.3640625 0.00859375 0.02421875
0 0.28515625 0.3625 0.00703125 0.02421875
3 0.85234375 0.3765625 0.01171875 0.03984375
3 0.76796875 0.3578125 0.0109375 0.040625
3 0.72578125 0.34140625 0.0109375 0.0328125
3 0.71484375 0.33203125 0.00859375 0.02265625
3 0.46015625 0.3421875 0.009375 0.03125
3 0.740625 0.3234375 0.0078125 0.02109375
3 0.77109375 0.32265625 0.00625 0.0203125
3 0.41953125 0.340625 0.00859375 0.02578125
3 0.8078125 0.32109375 0.00546875 0.01953125
3 0.475 0.3328125 0.00625 0.02421875
0 0.27421875 0.35859375 0.00703125 0.0234375
0 0.88046875 0.3578125 0.0109375 0.03515625
0 0.84765625 0.3453125 0.009375 0.02890625