0 0.28515625 0.5046875 0.03984375 0.090625
0 0.303125 0.44453125 0.0265625 0.06484375
0 0.17421875 0.42890625 0.0234375 0.0546875
0 0.05546875 0.4265625 0.025 0.053125
3 0.059375 0.3953125 0.01640625 0.0390625
3 0.2671875 0.3890625 0.02109375 0.05078125
3 0.38125 0.38828125 0.01484375 0.0421875
3 0.5125 0.390625 0.01875 0.04375
3 0.62578125 0.39609375 0.01953125 0.05
3 0.72734375 0.4140625 0.021875 0.05703125
3 0.81328125 0.446875 0.03515625 0.084375
3 0.9609375 0.53359375 0.06875 0.13515625
3 0.9859375 0.35625 0.01171875 0.02890625
3 0.97421875 0.353125 0.01171875 0.02890625
3 0.96171875 0.35078125 0.0109375 0.0234375
3 0.76640625 0.3171875 0.009375 0.021875
3 0.78671875 0.32734375 0.00859375 0.01875
3 0.7984375 0.32109375 0.00625 0.0171875
3 0.91953125 0.3265625 0.00625 0.01953125
1 0.9125 0.34453125 0.0140625 0.04375