0 0.3390625 0.465625 0.028125 0.07578125
0 0.45078125 0.39453125 0.0171875 0.04765625
0 0.53125 0.36328125 0.01328125 0.02890625
0 0.61640625 0.3484375 0.00859375 0.021875
0 0.65390625 0.34375 0.00703125 0.02109375
3 0.746875 0.4625 0.03359375 0.078125
3 0.690625 0.39296875 0.0171875 0.05546875
3 0.70390625 0.37265625 0.01328125 0.0375
3 0.74140625 0.359375 0.0109375 0.03203125
3 0.76484375 0.353125 0.00703125 0.0234375
3 0.97109375 0.384375 0.009375 0.02734375
3 0.9234375 0.3671875 0.00703125 0.01953125
3 0.9046875 0.3578125 0.0078125 0.01875
0 0.684375 0.3359375 0.00625 0.01875