1 0.51953125 0.29765625 0.00546875 0.021875
1 0.5265625 0.29765625 0.00546875 0.0203125
1 0.53984375 0.303125 0.00703125 0.021875
1 0.5484375 0.30390625 0.00703125 0.02421875
0 0.53828125 0.32578125 0.0078125 0.0203125
0 0.46640625 0.34296875 0.00859375 0.02421875
0 0.35703125 0.33359375 0.00546875 0.01640625
0 0.3640625 0.38046875 0.0140625 0.03515625
0 0.31015625 0.4421875 0.02265625 0.05390625
0 0.21171875 0.64140625 0.0453125 0.1125
0 0.7109375 0.3171875 0.0078125 0.01875
3 0.7375 0.346875 0.01171875 0.028125
3 0.621875 0.35859375 0.0140625 0.034375
3 0.6125 0.3921875 0.0203125 0.05078125
0 0.62421875 0.3171875 0.0078125 0.021875
3 0.7546875 0.4640625 0.0296875 0.07890625
3 0.8125 0.34453125 0.009375 0.025
3 0.85234375 0.34375 0.0078125 0.01875
3 0.85078125 0.33125 0.00625 0.01640625
0 0.465625 0.31328125 0.0078125 0.01796875