0 0.13046875 0.6625 0.09296875 0.178125
0 0.46015625 0.42109375 0.0265625 0.06953125
0 0.54765625 0.37109375 0.01171875 0.03671875
0 0.60703125 0.3515625 0.0125 0.028125
0 0.66484375 0.3421875 0.009375 0.0203125
0 0.7359375 0.3390625 0.01171875 0.02265625
0 0.7703125 0.340625 0.0078125 0.0171875
3 0.78359375 0.35703125 0.0109375 0.021875
3 0.75390625 0.3609375 0.01171875 0.02578125
3 0.7453125 0.38203125 0.01875 0.03671875
3 0.796875 0.4421875 0.0296875 0.07890625
3 0.996875 0.35625 0.00625 0.0171875
3 0.99609375 0.37109375 0.00703125 0.0140625
3 0.9890625 0.359375 0.00390625 0.01640625
3 0.9921875 0.3625 0.00390625 0.01328125
3 0.825 0.35078125 0.00546875 0.01640625
3 0.97890625 0.72734375 0.0421875 0.1546875
3 0.89296875 0.340625 0.00703125 0.01640625
3 0.88671875 0.33828125 0.0046875 0.0125
3 0.88671875 0.35 0.0078125 0.01484375
3 0.8578125 0.3515625 0.00625 0.01875
0 0.80234375 0.33671875 0.00859375 0.01875