1 0.08203125 0.73828125 0.10546875 0.1515625
0 0.06640625 0.62421875 0.03125 0.08359375
0 0.26953125 0.3828125 0.01171875 0.02734375
0 0.30078125 0.38984375 0.01015625 0.0359375
0 0.26328125 0.43984375 0.01875 0.05390625
3 0.46328125 0.36171875 0.0109375 0.03359375
3 0.44453125 0.3453125 0.0078125 0.0234375
3 0.45703125 0.33828125 0.00625 0.01796875
3 0.4859375 0.33203125 0.00625 0.01953125
3 0.5265625 0.39609375 0.0234375 0.05
3 0.74296875 0.52265625 0.0390625 0.12578125
0 0.33046875 0.3609375 0.01015625 0.021875
3 0.534375 0.3234375 0.00546875 0.0171875
3 0.85703125 0.38125 0.0140625 0.040625
3 0.75859375 0.35078125 0.009375 0.02734375
3 0.75703125 0.3203125 0.00546875 0.015625
0 0.83125 0.33515625 0.00546875 0.02109375
0 0.85078125 0.34375 0.00859375 0.0234375
0 0.89609375 0.36171875 0.009375 0.0296875
3 0.73515625 0.33828125 0.00703125 0.0203125
3 0.7359375 0.32265625 0.00625 0.0171875
3 0.59296875 0.3171875 0.0046875 0.01171875