3 0.95390625 0.81875 0.06484375 0.20234375
3 0.84296875 0.51875 0.03671875 0.09375
3 0.946875 0.45625 0.0171875 0.05234375
3 0.99375 0.44140625 0.0125 0.04375
3 0.98671875 0.39453125 0.01015625 0.028125
3 0.9515625 0.36875 0.009375 0.0234375
3 0.909375 0.34765625 0.0078125 0.02578125
0 0.8953125 0.36015625 0.00703125 0.02890625
0 0.26328125 0.5234375 0.03671875 0.08046875
0 0.50546875 0.39765625 0.021875 0.0484375
0 0.6296875 0.3640625 0.01640625 0.04453125
0 0.75078125 0.3578125 0.0140625 0.0359375
0 0.85546875 0.3703125 0.00859375 0.02734375
0 0.821875 0.33203125 0.0078125 0.025
0 0.75234375 0.32265625 0.0109375 0.025
0 0.6875 0.3203125 0.0125 0.02265625
0 0.51328125 0.33203125 0.01015625 0.0234375
0 0.359375 0.35 0.0109375 0.02578125
0 0.24765625 0.3703125 0.01171875 0.02578125
3 0.26484375 0.353125 0.0078125 0.02265625
3 0.34765625 0.33984375 0.0078125 0.02578125
3 0.440625 0.32109375 0.00859375 0.02109375
3 0.540625 0.3125 0.01015625 0.028125
3 0.6484375 0.31015625 0.00703125 0.021875
3 0.7171875 0.309375 0.00625 0.02109375
3 0.76484375 0.31484375 0.00625 0.02109375
3 0.81328125 0.3203125 0.00625 0.02265625
1 0.61640625 0.3171875 0.0140625 0.03671875
1 0.628125 0.31953125 0.0109375 0.0375
1 0.584375 0.3046875 0.009375 0.03125
1 0.59453125 0.3046875 0.0109375 0.028125
0 0.865625 0.34609375 0.00625 0.01796875
3 0.8640625 0.33125 0.00703125 0.01875