0 0.20859375 0.58671875 0.0390625 0.12578125
0 0.35234375 0.434375 0.01796875 0.0546875
0 0.3984375 0.38671875 0.01015625 0.034375
0 0.41875 0.3640625 0.00625 0.02265625
0 0.4265625 0.3546875 0.00625 0.01953125
3 0.815625 0.534375 0.0375 0.1109375
3 0.65625 0.41796875 0.01953125 0.06015625
3 0.59296875 0.37890625 0.009375 0.0375
3 0.559375 0.35703125 0.00703125 0.02578125
3 0.534375 0.3453125 0.00625 0.01875
3 0.896875 0.41015625 0.015625 0.05859375
3 0.76953125 0.37109375 0.0171875 0.04453125
3 0.71640625 0.3515625 0.01015625 0.03125
3 0.69453125 0.34453125 0.009375 0.03125
3 0.6625 0.33828125 0.00703125 0.0265625
0 0.89296875 0.37265625 0.01015625 0.02890625
0 0.8296875 0.35625 0.0078125 0.02734375
0 0.78984375 0.346875 0.00703125 0.0234375
0 0.06015625 0.4359375 0.01015625 0.04140625
0 0.09296875 0.41171875 0.0078125 0.02890625
0 0.09140625 0.4 0.00625 0.021875
0 0.08125 0.39296875 0.00625 0.021875
0 0.41953125 0.346875 0.00546875 0.02109375
3 0.50859375 0.34140625 0.00703125 0.02109375
3 0.48203125 0.3359375 0.00625 0.01953125
0 0.7390625 0.33671875 0.00703125 0.0203125