0 0.24609375 0.5109375 0.028125 0.07578125
0 0.26796875 0.43828125 0.01640625 0.04375
0 0.2390625 0.4171875 0.00859375 0.02890625
0 0.2046875 0.41015625 0.0078125 0.02578125
0 0.16484375 0.40859375 0.00625 0.01484375
0 0.121875 0.415625 0.00625 0.02109375
3 0.63359375 0.45625 0.021875 0.07109375
3 0.48359375 0.40078125 0.0109375 0.03984375
3 0.3953125 0.3875 0.00859375 0.028125
3 0.3265625 0.38125 0.0078125 0.0234375
3 0.92890625 0.40859375 0.01640625 0.05078125
3 0.7875 0.3734375 0.015625 0.04140625
3 0.69609375 0.35625 0.0078125 0.0234375
0 0.88671875 0.3734375 0.009375 0.03203125
0 0.7765625 0.35546875 0.0109375 0.03203125
3 0.25625 0.3859375 0.00859375 0.0296875
3 0.19140625 0.3921875 0.00703125 0.0234375
3 0.12890625 0.39765625 0.0078125 0.0234375