0 0.0421875 0.37734375 0.0125 0.03671875
0 0.1796875 0.375 0.0140625 0.0328125
3 0.2 0.365625 0.01015625 0.01875
3 0.2921875 0.36484375 0.0109375 0.02109375
0 0.31953125 0.3765625 0.0125 0.02734375
3 0.39296875 0.36484375 0.009375 0.02578125
0 0.41328125 0.37734375 0.01171875 0.0296875
3 0.48125 0.365625 0.01015625 0.025
3 0.56953125 0.3640625 0.009375 0.02109375
3 0.65625 0.3625 0.00703125 0.02578125
3 0.74453125 0.3609375 0.009375 0.021875
0 0.73671875 0.37265625 0.009375 0.028125
0 0.640625 0.37265625 0.0109375 0.02890625
0 0.53203125 0.37421875 0.01328125 0.03125
0 0.9265625 0.44609375 0.034375 0.07421875
0 0.953125 0.371875 0.01171875 0.02890625
3 0.96328125 0.365625 0.0109375 0.0296875
3 0.85390625 0.3625 0.00625 0.0234375
0 0.84921875 0.37421875 0.009375 0.02734375
0 0.665625 0.4859375 0.03984375 0.09140625
0 0.3296875 0.6015625 0.07890625 0.16640625