0 0.0140625 0.61328125 0.028125 0.11875
0 0.0625 0.40625 0.0171875 0.053125
0 0.18046875 0.4078125 0.0203125 0.05078125
0 0.18125 0.471875 0.03828125 0.0828125
0 0.25390625 0.4328125 0.02421875 0.0640625
3 0.11015625 0.39140625 0.0171875 0.03359375
3 0.25390625 0.37890625 0.01796875 0.0390625
3 0.37109375 0.3796875 0.0171875 0.0390625
3 0.46796875 0.38046875 0.01640625 0.0390625
3 0.5234375 0.39375 0.01796875 0.04921875
3 0.56953125 0.41171875 0.028125 0.0640625
3 0.653125 0.45078125 0.0421875 0.08359375
3 0.77265625 0.53828125 0.07265625 0.1421875