0 0.08984375 0.43125 0.00703125 0.0203125
0 0.08125 0.4484375 0.009375 0.021875
0 0.1453125 0.41484375 0.00703125 0.02265625
0 0.15625 0.4375 0.01015625 0.03203125
0 0.1578125 0.4984375 0.02265625 0.0578125
0 0.0421875 0.49609375 0.0125 0.03046875
0 0.01015625 0.7875 0.01953125 0.09375
3 0.265625 0.359375 0.00625 0.01484375
3 0.275 0.3671875 0.00703125 0.01875
3 0.3109375 0.3703125 0.01015625 0.02421875
3 0.3984375 0.384375 0.015625 0.0375
3 0.50390625 0.425 0.02578125 0.05703125
3 0.6828125 0.5328125 0.0421875 0.09765625
3 0.9484375 0.73828125 0.05234375 0.15234375