3 0.959375 0.3546875 0.0203125 0.04296875
3 0.79609375 0.3625 0.01796875 0.03984375
3 0.65703125 0.37578125 0.01875 0.03828125
3 0.58515625 0.40078125 0.021875 0.04609375
3 0.575 0.4328125 0.025 0.06015625
3 0.678125 0.47265625 0.03671875 0.08046875
3 0.94765625 0.5375 0.05546875 0.1171875
3 0.18203125 0.37265625 0.01015625 0.0265625
3 0.08515625 0.3875 0.01171875 0.025
0 0.11875 0.403125 0.0140625 0.028125
0 0.2375 0.3796875 0.009375 0.03125
0 0.33515625 0.3640625 0.0078125 0.0296875
0 0.42578125 0.35078125 0.00859375 0.0265625
0 0.47421875 0.3453125 0.009375 0.0296875
0 0.94609375 0.33671875 0.01015625 0.0296875
0 0.77578125 0.3421875 0.0109375 0.03125
0 0.6359375 0.3515625 0.01015625 0.03203125
0 0.503125 0.371875 0.01171875 0.03359375
0 0.40390625 0.38828125 0.01484375 0.04140625
0 0.3109375 0.409375 0.015625 0.04453125
0 0.22109375 0.4375 0.01953125 0.05390625
0 0.1703125 0.48359375 0.0296875 0.07421875
0 0.09921875 0.56953125 0.05234375 0.1171875
1 0.17109375 0.3671875 0.01171875 0.04453125
1 0.190625 0.3671875 0.01484375 0.03984375
1 0.22578125 0.37109375 0.01328125 0.05078125
1 0.24921875 0.36953125 0.0140625 0.05078125