0 0.240625 0.634375 0.078125 0.17578125
0 0.1390625 0.4234375 0.02734375 0.0609375
0 0.603125 0.4984375 0.04609375 0.10703125
0 0.35234375 0.38984375 0.0203125 0.0453125
0 0.44765625 0.378125 0.01953125 0.04453125
0 0.5515625 0.365625 0.0125 0.0421875
0 0.5921875 0.36171875 0.01015625 0.03046875
0 0.5953125 0.35546875 0.0078125 0.03046875
0 0.58984375 0.34609375 0.00703125 0.02578125
0 0.5796875 0.33984375 0.009375 0.02578125
0 0.696875 0.3296875 0.00859375 0.02734375
0 0.7953125 0.334375 0.00859375 0.0234375
0 0.8921875 0.4265625 0.02734375 0.078125
0 0.9125 0.3359375 0.0109375 0.028125
3 0.9890625 0.328125 0.01171875 0.02421875
3 0.88984375 0.32578125 0.009375 0.0234375
3 0.809375 0.3234375 0.009375 0.021875
3 0.7390625 0.321875 0.0078125 0.01953125
3 0.65859375 0.325 0.0078125 0.0203125
3 0.3921875 0.36171875 0.0125 0.0328125
3 0.4359375 0.353125 0.009375 0.02890625
3 0.459375 0.34296875 0.00859375 0.02421875
3 0.48671875 0.33515625 0.0078125 0.021875
3 0.521875 0.3328125 0.00703125 0.02109375
3 0.5828125 0.3265625 0.00703125 0.0234375
3 0.24921875 0.371875 0.015625 0.040625
3 0.43203125 0.3484375 0.009375 0.03046875
0 0.62109375 0.334375 0.00859375 0.02265625