3 0.2078125 0.3796875 0.0109375 0.025
3 0.28125 0.37734375 0.01328125 0.0265625
3 0.334375 0.3796875 0.01171875 0.028125
3 0.36953125 0.384375 0.0140625 0.03203125
3 0.4125 0.39765625 0.0140625 0.03515625
3 0.4546875 0.41640625 0.0171875 0.04921875
3 0.490625 0.44375 0.0234375 0.05859375
3 0.565625 0.4921875 0.03515625 0.08984375
3 0.72578125 0.60390625 0.06953125 0.15625
3 0.06953125 0.390625 0.01171875 0.028125
0 0.08671875 0.396875 0.0125 0.0296875
0 0.1390625 0.39921875 0.01328125 0.0296875
0 0.15546875 0.40859375 0.01328125 0.03359375
0 0.15703125 0.43359375 0.01953125 0.04296875
0 0.09921875 0.4640625 0.0265625 0.05703125