0 0.16171875 0.578125 0.04140625 0.1265625
0 0.42421875 0.42734375 0.01796875 0.06796875
0 0.5578125 0.3828125 0.0140625 0.0515625
0 0.70234375 0.3578125 0.0109375 0.04296875
0 0.82265625 0.35859375 0.0140625 0.04140625
3 0.87265625 0.63125 0.0546875 0.1625
3 0.815625 0.50625 0.03359375 0.109375
3 0.8390625 0.44296875 0.021875 0.078125
3 0.94140625 0.41640625 0.01953125 0.06640625
0 0.94140625 0.375 0.015625 0.05859375
0 0.15078125 0.4015625 0.0140625 0.04140625
0 0.28828125 0.36640625 0.0140625 0.04609375
3 0.2171875 0.3609375 0.00859375 0.0296875
3 0.1109375 0.39140625 0.01171875 0.0359375