3 0.74375 0.44453125 0.02578125 0.0671875
3 0.64921875 0.34375 0.01171875 0.028125
3 0.65234375 0.32109375 0.0078125 0.02265625
3 0.6359375 0.309375 0.0046875 0.01484375
3 0.04296875 0.50703125 0.0109375 0.02734375
3 0.15546875 0.43125 0.00859375 0.02421875
3 0.2359375 0.38359375 0.00703125 0.01953125
0 0.32265625 0.5078125 0.03046875 0.08046875
0 0.11015625 0.51015625 0.015625 0.053125
0 0.3171875 0.3796875 0.0125 0.0328125
0 0.4171875 0.37421875 0.01484375 0.0375
0 0.375 0.34140625 0.00703125 0.0203125
0 0.47734375 0.334375 0.00703125 0.02265625