3 0.83359375 0.48828125 0.046875 0.10078125
3 0.7171875 0.4390625 0.0296875 0.06875
3 0.6 0.42109375 0.025 0.053125
3 0.47265625 0.41015625 0.0203125 0.04765625
3 0.32734375 0.40859375 0.01875 0.04609375
3 0.19765625 0.41328125 0.01875 0.04609375
0 0.14921875 0.59296875 0.06015625 0.1375
0 0.20703125 0.4859375 0.034375 0.08359375
0 0.06484375 0.4609375 0.0234375 0.06875
1 0.89296875 0.35 0.01328125 0.05234375
3 0.94453125 0.359375 0.01171875 0.03359375
3 0.95859375 0.36171875 0.00859375 0.02890625
3 0.9734375 0.36484375 0.0109375 0.03203125
3 0.98671875 0.353125 0.00859375 0.025
3 0.74140625 0.328125 0.00703125 0.0234375
3 0.76171875 0.340625 0.00859375 0.025
3 0.775 0.3328125 0.00703125 0.0234375