3 0.88359375 0.54453125 0.0375 0.11640625
3 0.72421875 0.4078125 0.01640625 0.0515625
3 0.7125 0.37578125 0.01015625 0.03203125
3 0.73515625 0.36171875 0.01015625 0.02578125
3 0.7765625 0.3546875 0.0078125 0.02578125
0 0.30703125 0.5328125 0.0359375 0.09921875
0 0.45859375 0.4 0.0140625 0.04453125
0 0.53046875 0.365625 0.0109375 0.034375
0 0.596875 0.35234375 0.00625 0.025
0 0.671875 0.34375 0.0078125 0.0265625
3 0.80546875 0.34921875 0.01015625 0.02890625
3 0.9875 0.378125 0.0109375 0.03359375
3 0.95234375 0.3671875 0.00859375 0.02890625
3 0.94375 0.36171875 0.00625 0.0265625
0 0.70859375 0.3421875 0.00625 0.02265625