0 0.26640625 0.53671875 0.0453125 0.10390625
0 0.39921875 0.434375 0.02890625 0.06875
0 0.45234375 0.38515625 0.01640625 0.03984375
0 0.44375 0.3625 0.01015625 0.028125
0 0.4171875 0.35546875 0.009375 0.021875
3 0.71640625 0.4234375 0.0265625 0.0640625
3 0.65390625 0.3734375 0.01484375 0.0390625
3 0.60390625 0.35390625 0.0125 0.03203125
3 0.55546875 0.34453125 0.0078125 0.025
3 0.5 0.33828125 0.00859375 0.02265625
3 0.46328125 0.33984375 0.0078125 0.01796875
3 0.87265625 0.57109375 0.05078125 0.13359375
3 0.9265625 0.3984375 0.01171875 0.0359375
3 0.8375 0.3703125 0.0109375 0.0296875
3 0.7734375 0.35078125 0.009375 0.02890625
3 0.7390625 0.33984375 0.00703125 0.021875
3 0.7328125 0.3328125 0.0078125 0.0203125
0 0.94140625 0.37109375 0.00859375 0.02578125
0 0.8796875 0.3546875 0.0078125 0.0234375
0 0.85546875 0.34375 0.00703125 0.0203125
3 0.79375 0.32421875 0.00546875 0.015625
0 0.38515625 0.35625 0.009375 0.0203125