0 0.0921875 0.696875 0.0796875 0.16953125
0 0.20703125 0.4203125 0.009375 0.02890625
0 0.2328125 0.43515625 0.01484375 0.0421875
0 0.221875 0.4875 0.028125 0.06953125
0 0.16875 0.41796875 0.01171875 0.0328125
0 0.115625 0.42109375 0.01015625 0.02578125
0 0.05546875 0.4328125 0.0109375 0.0265625
3 0.0890625 0.41484375 0.01015625 0.0234375
3 0.10703125 0.40078125 0.00703125 0.01484375
3 0.1484375 0.40234375 0.00703125 0.021875
3 0.209375 0.39140625 0.01015625 0.02421875
3 0.27734375 0.3890625 0.00859375 0.02265625
3 0.3515625 0.3859375 0.0109375 0.0296875
1 0.35390625 0.35546875 0.00703125 0.0296875
1 0.37265625 0.35625 0.009375 0.02890625
3 0.3625 0.3640625 0.00625 0.02265625
3 0.403125 0.3625 0.00546875 0.0171875
1 0.421875 0.34765625 0.00703125 0.0234375
3 0.43828125 0.39765625 0.01328125 0.0453125
3 0.50234375 0.3609375 0.0109375 0.025
3 0.55078125 0.4359375 0.02734375 0.065625
3 0.8421875 0.6015625 0.06796875 0.17578125
3 0.85234375 0.375 0.0125 0.03125
3 0.778125 0.36875 0.01015625 0.0296875
0 0.796875 0.36328125 0.00859375 0.02421875
0 0.90390625 0.3734375 0.009375 0.0265625
3 0.93515625 0.39453125 0.01171875 0.03125
3 0.62578125 0.35859375 0.009375 0.02578125
0 0.65546875 0.35390625 0.00703125 0.01796875
3 0.29140625 0.3671875 0.00625 0.01796875
3 0.32265625 0.3625 0.00625 0.0171875
3 0.2671875 0.36796875 0.0046875 0.0140625
3 0.04765625 0.41640625 0.00546875 0.021875
1 0.4484375 0.353125 0.0125 0.01796875
0 0.05234375 0.40625 0.00625 0.015625