0 0.0421875 0.69296875 0.0703125 0.1640625
0 0.34921875 0.44296875 0.028125 0.06875
0 0.49609375 0.3828125 0.0125 0.03671875
0 0.54296875 0.36640625 0.01640625 0.0390625
0 0.578125 0.35390625 0.0109375 0.0265625
3 0.5953125 0.32734375 0.00625 0.01796875
3 0.6203125 0.33203125 0.00625 0.0171875
3 0.6875 0.34296875 0.00859375 0.021875
3 0.70859375 0.34921875 0.00703125 0.0203125
3 0.70859375 0.36796875 0.009375 0.02265625
3 0.71015625 0.39921875 0.0171875 0.040625
3 0.6953125 0.440625 0.025 0.0671875
3 0.83984375 0.625 0.065625 0.175
3 0.89375 0.375 0.01015625 0.02578125
3 0.853125 0.36171875 0.0078125 0.02109375
3 0.81953125 0.35 0.0078125 0.01953125
3 0.80625 0.340625 0.0046875 0.01484375
3 0.81171875 0.340625 0.0046875 0.0140625
3 0.66015625 0.33359375 0.0046875 0.01484375
0 0.91796875 0.35859375 0.00703125 0.0203125
0 0.91015625 0.35234375 0.00703125 0.015625
0 0.9140625 0.3453125 0.00546875 0.0125
0 0.9546875 0.37265625 0.00859375 0.02109375
3 0.87890625 0.3328125 0.00546875 0.01875
3 0.63671875 0.32421875 0.00546875 0.0140625