3 0.96015625 0.55390625 0.028125 0.09375
3 0.73046875 0.409375 0.02890625 0.0546875
3 0.575 0.37421875 0.02265625 0.04609375
3 0.44453125 0.36875 0.02109375 0.040625
3 0.3390625 0.37421875 0.015625 0.0328125
3 0.23984375 0.4015625 0.0109375 0.0296875
3 0.13359375 0.44453125 0.01015625 0.03046875
3 0.06796875 0.4796875 0.0109375 0.02578125
3 0.04921875 0.484375 0.0109375 0.02421875
3 0.08984375 0.45 0.0078125 0.0203125
3 0.1234375 0.42265625 0.00703125 0.01796875
0 0.2734375 0.675 0.0578125 0.13515625
0 0.2453125 0.52734375 0.0390625 0.0921875
0 0.15546875 0.496875 0.02109375 0.05390625
0 0.0625 0.52265625 0.0140625 0.04375